-0.01793
-0.01633
-0.01162
-0.02084
-0.01444
-0.01461
-0.01540
-0.01460
-0.01161
-0.00577
-0.02091
-0.01659
-0.01936
-0.01368
-0.01938
-0.01745
-0.01524
-0.01674
-0.02185
-0.01371
-0.02190
-0.01856
-0.01254
-0.01590
-0.01371
-0.03287
-0.02030
-0.01758
-0.01274
-0.00661
-0.00811
-0.01630
-0.01185
-0.01801
-0.01657
-0.01185
-0.00873
-0.01672
-0.01168
-0.02065
-0.02794
-0.01577
-0.02854
-0.01660
-0.01140
-0.02062
-0.01354
-0.01478
-0.00645
-0.01331
-0.01266
-0.02065
-0.02013
-0.02021
-0.01639
-0.01375
-0.02301
-0.02906
-0.00558
-0.01613
-0.02048
-0.01821
-0.02256
-0.02081
-0.01472
-0.01748
-0.02792
-0.02409
-0.01984
-0.00860
-0.01454
-0.01082
-0.01390
-0.01761
-0.01672
-0.01390
-0.00758
-0.01387
-0.01273
-0.01492
-0.01111
-0.01716
-0.02085
-0.01512
-0.01549
-0.01356
-0.01633
-0.00893
-0.01236
-0.00938
-0.01268
-0.02110
-0.01507
-0.01407
-0.01622
-0.02177
-0.00586
-0.00977
-0.02191
-0.01599
-0.01797
-0.02346
-0.02118
-0.01892
-0.02313
-0.01936
-0.02148
-0.02172
-0.01953
-0.02150
-0.02269
-0.02503
-0.02258
-0.02191
-0.02286
-0.02188
-0.02523
-0.02085
-0.02504
-0.01907
-0.02287
-0.01686
-0.01814
-0.01539
-0.01352
-0.01674
-0.01709
-0.02388
-0.01532
-0.01738
-0.01209
-0.01264
-0.01023
-0.01409
-0.01681
-0.01548
-0.01169
-0.01536
-0.01490
-0.01834
-0.01691
-0.01565
-0.01629
-0.01767
-0.01582
-0.02426
-0.00554
-0.00844
-0.01291
-0.01223
-0.01665
-0.02295
-0.01273
-0.01621
-0.01028
-0.01410
-0.01917
-0.01542
-0.01590
-0.01409
-0.01736
-0.01202
0.00657
-0.01240
-0.00744
-0.01882
-0.01501
-0.00934
-0.01845
-0.01892
-0.02202
-0.02000
-0.01612
-0.01363
-0.01430
-0.02256
-0.01858
-0.02180
-0.01425
-0.01468
-0.02905
-0.01412
-0.02447
-0.00163
-0.00763
-0.01351
-0.01322
-0.01174
-0.01384
-0.00973
-0.01686
-0.01213
-0.01371
-0.01085
-0.02316
-0.02409
-0.02459
-0.01765
-0.00438
-0.01725
-0.01078
-0.01747
-0.00842
-0.01779
-0.01938
-0.02248
-0.02254
-0.02030
-0.01601
-0.01886
-0.01618
-0.01426
-0.02124
-0.00419
-0.00022
-0.01314
-0.01765
-0.02056
-0.01772
-0.01518
-0.01165
-0.02377
-0.02318
-0.01635
-0.01812
-0.01194
-0.01015
-0.01242
-0.00651
-0.01097
-0.00994
-0.01097
-0.00882
-0.00839
-0.01335
-0.01769
-0.01237
-0.01312
-0.01829
-0.01492
-0.01416
-0.01482
-0.00688
-0.01592
-0.00585
-0.00905
-0.01204
-0.01372
-0.00850
-0.02143
-0.00980
-0.01774
-0.01039
-0.01599
-0.00857
-0.02314
-0.01918
-0.01430
-0.01494
-0.02071
-0.01843
-0.01711
-0.01679
-0.01911
-0.01437
-0.01384
-0.02272
-0.01679
-0.01757
-0.01886
-0.02168
-0.01690
-0.02873
-0.01469
-0.02004
-0.01906
-0.02433
-0.02119
-0.01090
-0.02309
-0.01518
-0.01596
-0.01551
-0.01794
-0.01792
-0.01496
-0.01826
-0.01190
0.00161
-0.01012
-0.01596
-0.02145
-0.01159
-0.01075
-0.01433
-0.01433
-0.02103
-0.01068
-0.02040
-0.02262
-0.02054
-0.02881
0.01048
-0.01347
-0.00861
-0.01397
-0.01711
-0.01454
