2.83018
2.79358
2.55339
2.94393
2.92957
2.71471
3.02927
2.35952
2.32171
3.24783
2.84673
2.92118
2.78402
2.87983
2.88634
2.77022
2.73729
2.75314
2.77527
2.65654
2.90307
2.89783
2.81160
3.19710
2.90623
3.09552
3.04454
2.94086
3.03237
2.69793
2.47811
2.48209
2.66841
2.40513
2.76673
2.18983
2.60730
2.34389
2.25062
2.61810
2.80848
2.97593
2.82146
2.93557
2.48030
2.42333
2.52323
2.41939
2.23969
2.53605
2.96517
2.64143
2.53568
3.35901
3.07860
3.23088
3.21315
3.14600
2.71712
2.54459
2.52594
2.84677
2.82200
2.85696
2.96913
2.83044
2.96157
2.91872
2.73912
2.07284
2.24263
2.00523
2.94852
2.23280
2.80819
2.19544
2.09636
2.45698
2.22268
2.82324
2.30259
2.75658
2.98462
2.71078
3.01100
2.90164
2.86766
2.91315
2.86429
2.85620
2.74734
2.59768
2.58062
2.65670
2.63137
2.67798
2.57623
2.78297
2.59869
2.66653
2.83561
2.73940
2.80235
2.64773
2.74506
2.64670
2.87206
2.70604
2.88581
3.04793
2.99716
3.06311
3.14331
3.01426
3.15909
3.26082
3.11723
3.07809
3.10471
3.11232
3.27810
2.47069
2.46885
2.51883
2.44022
2.46042
2.49562
2.66056
2.41341
2.47772
2.64312
2.62460
3.45189
3.16336
3.22123
2.95522
2.91223
2.90592
2.68710
2.90403
3.03255
3.01436
3.04632
2.88156
2.67359
2.98021
3.59346
2.70223
2.72925
3.82803
3.35800
3.56839
2.84176
2.85237
2.62596
2.63639
2.98147
3.04406
2.92888
2.39336
2.29023
2.30634
3.32391
2.73876
2.96550
2.83811
2.78486
2.75510
2.80827
2.77401
2.83478
2.79833
2.61776
2.58257
2.74234
3.02519
2.77302
3.04407
3.21537
2.88000
3.13209
2.97196
2.93937
2.59582
2.51867
2.28973
2.63588
2.40025
2.42525
2.87950
2.46557
2.41317
2.43002
2.76959
3.05208
2.76925
3.03448
2.50764
2.42474
2.44314
2.49372
2.46274
2.35922
2.56985
2.78399
2.93261
2.74061
3.23108
3.37902
3.29806
2.95581
3.20224
3.20843
2.46993
2.61702
2.44333
3.09094
2.67236
3.04260
2.85686
2.76911
2.94373
2.84961
2.74010
2.85087
2.26509
2.06771
2.22394
1.91625
2.84977
2.15472
2.62909
2.37256
2.29474
2.07996
2.21725
2.71080
2.47728
2.95165
2.72610
2.99611
2.88467
2.87002
2.78874
2.96532
2.61011
2.78713
2.79237
2.68955
2.57380
2.33437
2.63878
2.54320
2.59067
2.90718
2.85209
2.58131
2.80541
2.61375
2.80944
2.68896
2.66591
2.73183
2.75615
2.61459
2.96503
2.95647
3.09189
3.01444
3.00712
3.16515
3.21722
3.22861
2.96423
3.17490
3.37940
3.03736
3.25672
2.39663
2.53727
2.54885
2.46276
2.42807
2.54290
2.64517
2.42300
2.57363
2.41811
3.32103
3.03531
3.15278
3.11625
3.08912
2.75777
2.57931
2.89519
2.85679
2.92733
3.11718
3.08034
2.80183
3.06961
3.61594
2.81012
3.67363
2.81348
3.46562
3.55630
