1.07486
1.08495
1.11531
1.07444
1.11676
1.09979
1.09370
1.16218
1.13376
0.95100
1.08094
0.95728
1.13860
1.05454
1.11173
1.07979
1.12188
1.08339
1.09566
1.11385
1.07361
1.08153
1.07897
0.95121
1.07462
1.01402
1.04955
1.04085
1.03791
1.14156
1.13517
1.18006
1.12894
1.16209
1.13662
1.12246
1.14248
1.16799
1.15528
1.16525
1.05420
1.03140
1.06895
1.04429
1.14781
1.12279
1.11753
1.13724
1.12413
1.16232
1.00145
1.09003
1.08846
0.98911
1.06568
0.96405
1.03203
1.02283
1.03963
1.10332
1.18369
1.15982
1.18245
1.07115
1.03008
1.07633
1.01662
1.05151
1.05198
1.11559
1.13497
1.14831
1.07890
1.18046
1.07662
1.16513
1.11867
1.15684
1.13678
1.08453
1.11989
1.20595
1.04827
1.21171
1.07132
1.16394
1.16553
1.12357
1.12238
1.14836
1.11537
1.08612
1.14485
1.08497
1.13530
1.09876
1.09790
1.12041
1.07360
1.03620
1.06352
1.03554
1.08304
1.04366
1.05135
1.05601
1.04807
1.04967
1.05347
1.12364
1.05725
1.11477
1.03281
1.11742
1.05862
1.07323
1.04755
1.09277
1.05943
1.06887
1.07117
1.10878
1.17739
1.11799
1.12341
1.11917
1.18066
1.09793
1.14409
1.12830
1.10065
1.12126
0.97003
1.07164
0.97422
1.07809
1.05936
1.03047
1.07703
1.09233
1.04632
1.06259
1.05477
1.05676
1.07271
1.05617
0.93813
1.14706
1.10281
1.05971
1.05590
1.06117
1.08112
1.08919
1.10341
1.08834
1.11353
1.06738
1.08324
1.17976
1.13577
1.15981
0.95620
1.14692
0.95322
1.12037
1.05480
1.10758
1.08625
1.11500
1.06820
1.09549
1.12025
1.07665
1.08583
1.05312
1.08150
1.06134
0.95053
1.09280
0.99713
1.06500
1.04774
1.15890
1.14907
1.13565
1.13790
1.16234
1.17434
1.13414
1.15925
1.15933
1.17606
1.15221
1.01788
1.07084
1.04064
1.06189
1.13931
1.13489
1.15622
1.15428
1.15020
1.16746
1.06940
1.02810
1.07389
1.04168
0.95946
0.98411
1.08651
1.03966
1.01361
1.12543
1.07230
1.15197
1.17973
1.19187
1.02844
1.06640
1.06895
1.02383
1.03339
1.06428
1.05562
1.14732
1.11148
1.13307
1.13681
1.07444
1.17897
1.08251
1.16969
1.10026
1.14857
1.13794
1.10443
1.10057
1.04375
1.20980
1.06355
1.13796
1.13035
1.19650
1.12198
1.17330
1.12752
1.12961
1.11991
1.10122
1.16153
1.09979
1.13839
1.09180
1.11049
1.01935
1.04826
1.05340
1.03860
1.06783
1.04191
1.05936
1.04113
1.04574
1.05201
1.10627
1.03849
1.11616
1.04237
1.09325
1.02963
1.08498
1.03460
1.07303
1.06835
1.05756
1.05006
1.06372
1.18432
1.11319
1.16867
1.14037
1.12968
1.11184
1.10089
1.10903
1.10984
1.11841
0.95543
1.09864
0.98986
1.04427
1.10974
1.08188
1.08043
1.09859
1.05870
1.06758
1.04783
1.04777
1.06389
1.03613
0.94058
1.15397
1.03023
1.09148
1.05638
1.05533
