0.00492
0.00424
0.00081
0.00365
0.00167
0.00218
0.00190
0.00169
0.00177
0.00477
0.00342
0.00489
0.00266
0.00389
0.00220
0.00346
0.00229
0.00292
0.00426
0.00215
0.00357
0.00343
0.00270
0.00403
0.00278
0.00616
0.00359
0.00451
0.00341
0.00173
0.00137
0.00300
0.00201
0.00056
0.00436
0.00120
0.00343
0.00192
0.00049
0.00115
0.00875
0.00360
0.00505
0.00378
0.00194
-0.00176
0.00264
0.00008
0.00134
0.00146
0.00427
0.00436
0.00599
0.00562
0.00342
0.00542
0.00556
0.00640
0.00435
0.00359
0.00142
0.00264
0.00128
0.00407
0.00343
0.00279
0.00661
0.00519
0.00545
-0.00004
0.00046
0.00130
0.00308
0.00030
0.00383
0.00002
0.00327
0.00002
0.00285
0.00210
0.00103
-0.00001
0.00311
0.00098
0.00430
0.00203
0.00238
0.00348
0.00144
0.00207
0.00124
0.00156
0.00187
0.00225
0.00191
0.00140
0.00267
0.00050
0.00352
0.00584
0.00334
0.00767
0.00191
0.00567
0.00370
0.00336
0.00289
0.00403
0.00352
0.00204
0.00301
0.00109
0.00478
0.00218
0.00336
0.00283
0.00464
0.00175
0.00427
0.00271
0.00282
0.00012
0.00140
0.00219
0.00152
0.00221
0.00256
0.00136
0.00255
0.00242
0.00274
0.00538
0.00413
0.00591
0.00544
0.00553
0.00624
0.00606
0.00297
0.00422
0.00364
0.00337
0.00292
0.00320
0.00343
0.00554
0.00056
0.00502
0.00179
0.00105
0.00013
0.00082
0.00460
0.00475
0.00034
0.00310
0.00199
0.00332
0.00306
0.00339
0.00202
0.00230
0.00367
0.00264
0.00470
0.00260
0.00477
0.00288
0.00332
0.00361
0.00377
0.00437
0.00285
0.00351
0.00386
0.00336
0.00300
0.00414
0.00497
0.00233
0.00783
0.00383
0.00664
0.00237
0.00187
0.00071
0.00272
0.00211
0.00316
0.00215
0.00200
0.00119
0.00102
0.00250
0.00603
0.00633
0.00586
0.00762
0.00143
0.00036
0.00171
0.00011
0.00086
0.00205
0.00292
0.00662
0.00491
0.00515
0.00565
0.00662
0.00348
0.00547
0.00705
0.00293
0.00253
0.00133
0.00284
0.00083
0.00322
0.00448
0.00349
0.00580
0.00519
0.00420
0.00523
0.00147
0.00185
0.00147
0.00238
0.00456
-0.00015
0.00511
0.00050
0.00327
0.00167
0.00316
0.00124
0.00128
0.00433
0.00277
0.00532
0.00337
0.00452
0.00211
0.00384
0.00120
0.00265
0.00177
0.00305
0.00128
0.00206
0.00185
0.00190
0.00282
-0.00023
0.00693
0.00714
0.00340
0.00442
0.00466
0.00493
0.00501
0.00456
0.00377
0.00359
0.00133
0.00404
0.00176
0.00322
0.00298
0.00367
0.00265
0.00455
0.00306
0.00200
0.00304
0.00451
0.00313
0.00203
0.00078
0.00434
0.00251
0.00201
0.00104
0.00224
0.00315
0.00061
0.00228
0.00354
0.00500
0.00459
0.00640
0.00606
0.00499
0.00333
0.00407
0.00297
0.00429
0.00465
0.00287
0.00556
0.00631
0.00349
0.00579
0.00122
0.00101
-0.00107
0.00043
