0.00364
0.00337
-0.00021
0.00219
0.00002
0.00055
0.00008
0.00095
0.00099
0.00555
0.00292
0.00506
0.00157
0.00360
0.00120
0.00217
0.00166
0.00192
0.00295
0.00125
0.00218
0.00250
0.00181
0.00353
0.00180
0.00554
0.00294
0.00392
0.00309
0.00071
0.00022
0.00230
0.00117
0.00001
0.00363
0.00072
0.00303
0.00111
-0.00013
0.00050
0.00771
0.00318
0.00372
0.00291
0.00113
-0.00272
0.00214
-0.00110
0.00079
0.00082
0.00408
0.00342
0.00534
0.00518
0.00286
0.00511
0.00462
0.00572
0.00509
0.00313
0.00020
0.00103
-0.00016
0.00245
0.00213
0.00148
0.00542
0.00388
0.00438
-0.00041
-0.00028
0.00089
0.00214
-0.00117
0.00296
-0.00084
0.00268
-0.00110
0.00143
0.00076
0.00007
-0.00166
0.00153
-0.00004
0.00294
0.00025
0.00044
0.00205
-0.00040
0.00038
0.00005
0.00094
0.00073
0.00127
0.00058
-0.00002
0.00179
-0.00032
0.00202
0.00454
0.00155
0.00695
0.00032
0.00474
0.00242
0.00204
0.00131
0.00259
0.00212
0.00025
0.00176
-0.00108
0.00319
0.00074
0.00219
0.00130
0.00317
0.00051
0.00250
0.00121
0.00144
-0.00036
0.00063
0.00139
0.00053
0.00130
0.00187
-0.00022
0.00161
0.00148
0.00221
0.00438
0.00413
0.00558
0.00490
0.00493
0.00580
0.00598
0.00169
0.00304
0.00257
0.00226
0.00221
0.00216
0.00243
0.00442
0.00031
0.00454
0.00090
0.00124
0.00029
0.00066
0.00363
0.00350
-0.00002
0.00199
0.00015
0.00202
0.00163
0.00260
0.00153
0.00177
0.00409
0.00207
0.00507
0.00187
0.00457
0.00248
0.00223
0.00290
0.00262
0.00354
0.00165
0.00263
0.00337
0.00200
0.00160
0.00303
0.00482
0.00134
0.00760
0.00327
0.00630
0.00160
0.00129
0.00012
0.00198
0.00190
0.00303
0.00170
0.00145
0.00080
0.00074
0.00211
0.00534
0.00561
0.00502
0.00694
0.00099
0.00009
0.00125
-0.00083
0.00045
0.00094
0.00202
0.00632
0.00405
0.00470
0.00525
0.00618
0.00256
0.00519
0.00666
0.00296
0.00320
0.00049
0.00132
-0.00056
0.00178
0.00384
0.00224
0.00508
0.00448
0.00312
0.00388
0.00099
0.00138
0.00098
0.00259
0.00403
-0.00056
0.00472
-0.00004
0.00225
0.00119
0.00212
0.00035
0.00016
0.00317
0.00191
0.00454
0.00180
0.00343
0.00067
0.00265
0.00010
0.00104
0.00034
0.00202
-0.00014
0.00138
0.00090
0.00092
0.00143
-0.00116
0.00606
0.00611
0.00225
0.00396
0.00373
0.00377
0.00387
0.00374
0.00271
0.00259
0.00024
0.00240
0.00032
0.00207
0.00165
0.00294
0.00170
0.00325
0.00183
0.00048
0.00186
0.00339
0.00200
0.00131
-0.00034
0.00350
0.00159
0.00094
-0.00006
0.00109
0.00214
-0.00062
0.00145
0.00375
0.00443
0.00373
0.00601
0.00523
0.00456
0.00227
0.00349
0.00173
0.00358
0.00336
0.00172
0.00414
0.00488
0.00416
0.00493
0.00190
0.00065
-0.00081
0.00072
