0.00485
0.00585
-0.00043
0.00680
0.00107
0.00058
0.00212
0.00260
0.00328
0.00608
0.00258
0.00458
0.00326
0.00613
0.00346
0.00406
0.00184
0.00219
0.00534
0.00110
0.00517
0.00472
0.00150
0.00508
0.00212
0.00920
0.00365
0.00730
0.00524
0.00230
0.00042
0.00500
-0.00092
0.00288
0.00660
0.00188
0.00587
0.00236
0.00292
0.00376
0.00690
0.00471
0.00422
0.00370
0.00275
-0.00215
0.00294
0.00082
0.00175
0.00143
0.00609
0.00656
0.00790
0.00829
0.00469
0.00798
0.00850
0.00857
0.00730
0.00546
0.00139
-0.00027
-0.00102
0.00429
0.00294
0.00264
0.00797
0.00578
0.00640
0.00049
0.00046
0.00047
0.00348
0.00051
0.00431
0.00054
0.00553
0.00260
0.00152
0.00215
-0.00095
-0.00303
0.00477
-0.00201
0.00435
-0.00132
-0.00262
0.00114
0.00056
0.00021
-0.00079
0.00361
0.00207
0.00392
0.00220
0.00429
0.00439
-0.00059
0.00540
0.00853
0.00175
0.00541
0.00387
0.00630
0.00669
0.00386
0.00263
0.00483
0.00429
0.00074
0.00309
-0.00219
0.00413
0.00079
0.00519
0.00031
0.00579
0.00131
0.00276
0.00165
0.00352
0.00277
0.00426
0.00199
0.00300
0.00150
0.00342
0.00238
0.00267
0.00352
0.00494
0.00508
0.00684
0.00887
0.00889
0.00904
0.00949
0.00787
0.00325
0.00352
0.00629
0.00582
0.00493
0.00189
0.00227
0.00570
0.00237
0.00570
0.00181
0.00445
0.00368
0.00381
0.00339
0.00329
0.00093
0.00035
0.00116
0.00419
0.00244
0.00509
0.00592
0.00342
0.00560
0.00231
0.00528
0.00387
0.00643
0.00386
0.00383
0.00401
0.00465
0.00292
0.00333
0.00324
0.00540
0.00391
0.00239
0.00409
0.00706
0.00303
0.00770
0.00495
0.00806
0.00247
0.00274
0.00373
0.00294
0.00578
0.00231
0.00443
0.00218
0.00426
0.00425
0.00502
0.00598
0.00681
0.00711
0.00880
0.00099
0.00041
0.00196
0.00047
0.00075
0.00146
0.00397
0.00818
0.00673
0.00773
0.00984
0.00857
0.00650
0.00763
0.00888
0.00517
0.00721
-0.00110
0.00038
0.00104
0.00171
0.00806
0.00172
0.00806
0.00651
0.00450
0.00728
0.00109
0.00199
-0.00098
0.00206
0.00571
0.00314
0.00765
0.00243
0.00554
0.00265
0.00277
0.00001
-0.00070
0.00417
0.00141
0.00475
-0.00018
0.00532
-0.00094
0.00290
-0.00067
-0.00135
0.00045
0.00479
0.00137
0.00313
0.00237
0.00308
0.00260
-0.00051
0.00744
0.00664
0.00252
0.00619
0.00687
0.00437
0.00619
0.00739
0.00579
0.00324
-0.00021
0.00474
0.00080
0.00546
0.00223
0.00450
0.00336
0.00536
0.00269
0.00275
0.00321
0.00545
0.00499
0.00406
0.00057
0.00483
0.00322
0.00406
0.00052
0.00206
0.00400
0.00268
0.00191
0.00731
0.00564
0.00756
0.00993
0.00861
0.00813
0.00480
0.00389
0.00332
0.00618
0.00434
0.00313
0.00756
0.00644
0.00841
0.00635
0.00476
0.00298
0.00344
0.00345
