0.00414
0.00453
-0.00001
0.00420
-0.00038
-0.00009
-0.00018
0.00247
0.00248
0.00636
0.00301
0.00528
0.00246
0.00586
0.00299
0.00308
0.00112
0.00226
0.00443
0.00108
0.00378
0.00403
0.00079
0.00485
0.00185
0.00824
0.00356
0.00623
0.00474
0.00207
0.00053
0.00400
-0.00095
0.00231
0.00574
0.00165
0.00535
0.00255
0.00278
0.00341
0.00672
0.00439
0.00354
0.00330
0.00189
-0.00252
0.00302
0.00062
0.00154
0.00137
0.00545
0.00581
0.00735
0.00741
0.00418
0.00710
0.00793
0.00801
0.00650
0.00560
0.00089
-0.00059
-0.00165
0.00274
0.00225
0.00213
0.00691
0.00454
0.00568
0.00051
0.00014
-0.00072
0.00266
-0.00047
0.00320
-0.00138
0.00378
0.00109
0.00006
0.00152
-0.00034
-0.00423
0.00342
-0.00246
0.00259
-0.00217
-0.00326
-0.00083
-0.00139
-0.00160
-0.00080
0.00204
0.00101
0.00292
0.00132
0.00288
0.00293
-0.00020
0.00402
0.00770
0.00094
0.00629
0.00209
0.00593
0.00546
0.00332
0.00185
0.00391
0.00405
-0.00060
0.00278
-0.00285
0.00312
0.00023
0.00370
-0.00073
0.00443
0.00079
0.00188
0.00059
0.00214
0.00164
0.00381
0.00112
0.00194
0.00087
0.00248
0.00091
0.00210
0.00246
0.00331
0.00343
0.00652
0.00732
0.00815
0.00766
0.00883
0.00743
0.00236
0.00273
0.00510
0.00457
0.00387
0.00111
0.00186
0.00578
0.00187
0.00493
0.00176
0.00351
0.00294
0.00325
0.00287
0.00296
0.00128
0.00059
-0.00043
0.00306
0.00102
0.00416
0.00515
0.00278
0.00540
0.00171
0.00607
0.00347
0.00659
0.00372
0.00344
0.00365
0.00406
0.00295
0.00322
0.00284
0.00469
0.00336
0.00151
0.00336
0.00711
0.00226
0.00787
0.00424
0.00787
0.00187
0.00180
0.00322
0.00271
0.00515
0.00237
0.00377
0.00211
0.00330
0.00416
0.00469
0.00613
0.00633
0.00657
0.00861
0.00119
0.00021
0.00229
0.00021
0.00071
0.00104
0.00429
0.00844
0.00717
0.00730
0.00892
0.00803
0.00571
0.00690
0.00879
0.00462
0.00642
-0.00086
-0.00034
0.00021
0.00145
0.00678
0.00143
0.00748
0.00625
0.00333
0.00636
0.00079
0.00192
-0.00074
0.00123
0.00495
0.00154
0.00660
0.00091
0.00447
0.00077
0.00145
0.00025
-0.00005
0.00376
0.00095
0.00387
-0.00084
0.00363
-0.00151
0.00147
-0.00164
-0.00213
0.00036
0.00313
0.00025
0.00232
0.00156
0.00187
0.00174
-0.00037
0.00726
0.00627
0.00189
0.00562
0.00575
0.00402
0.00522
0.00614
0.00502
0.00288
-0.00073
0.00402
-0.00063
0.00451
0.00103
0.00385
0.00241
0.00453
0.00136
0.00221
0.00190
0.00445
0.00413
0.00322
-0.00062
0.00430
0.00271
0.00286
-0.00054
0.00119
0.00287
0.00081
0.00107
0.00652
0.00485
0.00739
0.00862
0.00649
0.00730
0.00376
0.00351
0.00264
0.00508
0.00413
0.00238
0.00562
0.00554
0.00827
0.00535
0.00455
0.00299
0.00284
0.00300
