1.63889
1.65093
1.78695
1.63835
1.66971
1.71891
1.61403
1.59493
1.55370
1.20080
1.52952
1.34149
1.65749
1.50776
1.58814
1.56723
1.58326
1.64699
1.55578
1.64203
1.47758
1.51647
1.57474
1.35190
1.55192
1.46906
1.52880
1.50680
1.47938
1.65284
1.71923
1.62691
1.65342
1.55992
1.57338
1.42538
1.59051
1.70778
1.58666
1.61790
1.60743
1.39705
1.61018
1.58634
1.62974
1.45149
1.41916
1.47997
1.47783
1.61795
1.27634
1.60087
1.53337
1.43857
1.47202
1.42420
1.49983
1.53397
1.34582
1.42041
1.65138
1.72700
1.70072
1.57563
1.54582
1.66940
1.45577
1.53377
1.63551
1.51751
1.53360
1.55218
1.57051
1.63798
1.53309
1.65144
1.57022
1.65560
1.60688
1.64488
1.76559
1.68316
1.57014
1.65685
1.60962
1.70205
1.70649
1.67409
1.64746
1.66831
1.64671
1.53487
1.67021
1.57371
1.57876
1.55122
1.65016
1.63963
1.62975
1.47749
1.59479
1.48286
1.58602
1.52523
1.56580
1.54481
1.48158
1.53692
1.53841
1.65585
1.62311
1.65671
1.58152
1.70326
1.64716
1.57742
1.61667
1.68044
1.63131
1.62466
1.64850
1.53978
1.64896
1.59524
1.64897
1.65344
1.60333
1.52441
1.70545
1.62912
1.48453
1.72185
1.38780
1.47342
1.36247
1.57301
1.49349
1.49373
1.57983
1.63656
1.49730
1.53093
1.46925
1.57223
1.65700
1.43539
1.25476
1.59039
1.61700
1.33690
1.37830
1.38226
1.69388
1.65107
1.73898
1.73817
1.64464
1.55388
1.63899
1.64957
1.50793
1.54991
1.23681
1.67083
1.30292
1.59459
1.47672
1.58199
1.63212
1.56349
1.56427
1.54821
1.66275
1.59908
1.58227
1.45246
1.52644
1.49804
1.36696
1.55775
1.45248
1.51912
1.52536
1.64955
1.71223
1.43362
1.65765
1.55562
1.65507
1.56381
1.70073
1.63226
1.61345
1.56716
1.39331
1.60936
1.56179
1.60449
1.46446
1.46327
1.60798
1.51057
1.56118
1.64202
1.59069
1.37575
1.52370
1.55490
1.39984
1.45994
1.51896
1.50153
1.54065
1.42592
1.37961
1.74422
1.67587
1.69379
1.54906
1.54516
1.67577
1.46891
1.48806
1.68520
1.54435
1.52459
1.51101
1.50898
1.54850
1.61599
1.62303
1.52753
1.61816
1.52171
1.64947
1.61596
1.69740
1.70632
1.57294
1.64269
1.61909
1.66800
1.64924
1.65179
1.60401
1.69508
1.73253
1.66011
1.63074
1.56424
1.71159
1.53655
1.58729
1.60103
1.66242
1.41370
1.59792
1.59043
1.47878
1.55088
1.52467
1.58117
1.52847
1.48568
1.59666
1.73730
1.51159
1.62628
1.60602
1.62446
1.56962
1.58367
1.57317
1.64322
1.69125
1.57808
1.60564
1.63824
1.72270
1.54525
1.58667
1.54224
1.69546
1.59080
1.50437
1.64082
1.54133
1.60171
1.35961
1.58753
1.37555
1.49465
1.64845
1.64738
1.65643
1.63706
1.51730
1.56514
1.46870
1.50404
1.62297
1.41174
1.24312
1.60604
1.33676
1.58431
1.33986
1.36445
