0.00503
0.00463
0.00177
0.00448
0.00291
0.00316
0.00331
0.00225
0.00204
0.00430
0.00364
0.00457
0.00311
0.00397
0.00271
0.00393
0.00287
0.00354
0.00467
0.00307
0.00405
0.00398
0.00326
0.00394
0.00347
0.00618
0.00404
0.00482
0.00356
0.00187
0.00209
0.00323
0.00272
0.00119
0.00428
0.00126
0.00323
0.00253
0.00092
0.00194
0.00913
0.00354
0.00592
0.00423
0.00217
-0.00088
0.00294
0.00061
0.00167
0.00194
0.00440
0.00482
0.00610
0.00564
0.00343
0.00522
0.00551
0.00693
0.00365
0.00368
0.00224
0.00374
0.00255
0.00501
0.00387
0.00364
0.00738
0.00559
0.00593
0.00041
0.00086
0.00165
0.00347
0.00120
0.00432
0.00065
0.00371
0.00109
0.00336
0.00269
0.00150
0.00131
0.00381
0.00231
0.00471
0.00325
0.00353
0.00463
0.00268
0.00346
0.00195
0.00198
0.00278
0.00287
0.00263
0.00230
0.00289
0.00082
0.00449
0.00639
0.00432
0.00780
0.00307
0.00599
0.00451
0.00387
0.00401
0.00495
0.00397
0.00341
0.00372
0.00260
0.00542
0.00318
0.00413
0.00378
0.00549
0.00273
0.00514
0.00405
0.00395
0.00059
0.00203
0.00240
0.00244
0.00301
0.00300
0.00226
0.00322
0.00339
0.00292
0.00567
0.00410
0.00573
0.00533
0.00592
0.00573
0.00585
0.00347
0.00452
0.00408
0.00401
0.00344
0.00401
0.00399
0.00548
0.00082
0.00547
0.00232
0.00093
-0.00011
0.00071
0.00510
0.00509
0.00115
0.00379
0.00326
0.00421
0.00385
0.00391
0.00253
0.00252
0.00342
0.00266
0.00437
0.00306
0.00477
0.00305
0.00395
0.00427
0.00435
0.00481
0.00393
0.00420
0.00432
0.00422
0.00374
0.00489
0.00450
0.00298
0.00771
0.00441
0.00688
0.00240
0.00253
0.00129
0.00310
0.00192
0.00346
0.00255
0.00277
0.00188
0.00158
0.00269
0.00618
0.00658
0.00651
0.00775
0.00155
0.00076
0.00225
0.00074
0.00124
0.00270
0.00373
0.00643
0.00535
0.00567
0.00513
0.00658
0.00424
0.00553
0.00677
0.00288
0.00244
0.00202
0.00362
0.00192
0.00387
0.00511
0.00424
0.00605
0.00571
0.00471
0.00570
0.00180
0.00182
0.00187
0.00243
0.00430
0.00037
0.00530
0.00114
0.00386
0.00199
0.00372
0.00164
0.00187
0.00479
0.00368
0.00559
0.00446
0.00496
0.00327
0.00490
0.00246
0.00366
0.00226
0.00332
0.00185
0.00241
0.00215
0.00235
0.00336
0.00055
0.00707
0.00746
0.00435
0.00494
0.00523
0.00521
0.00560
0.00471
0.00416
0.00420
0.00256
0.00456
0.00305
0.00365
0.00372
0.00416
0.00341
0.00500
0.00417
0.00276
0.00372
0.00510
0.00376
0.00257
0.00151
0.00451
0.00297
0.00295
0.00188
0.00269
0.00361
0.00130
0.00284
0.00328
0.00538
0.00448
0.00648
0.00666
0.00534
0.00402
0.00452
0.00336
0.00469
0.00500
0.00342
0.00595
0.00635
0.00297
0.00621
0.00084
0.00130
-0.00119
-0.00012
