1.60445
1.61500
1.77870
1.61113
1.64947
1.70258
1.58833
1.55642
1.51098
1.16917
1.49044
1.31121
1.62501
1.46960
1.54649
1.53152
1.54337
1.61918
1.51804
1.60885
1.43018
1.47036
1.53231
1.31739
1.50715
1.43413
1.48827
1.46749
1.43645
1.63272
1.70031
1.58817
1.61706
1.51597
1.53093
1.37935
1.55038
1.67810
1.54154
1.57674
1.59083
1.37178
1.59260
1.57532
1.59111
1.40673
1.36144
1.43061
1.42945
1.57586
1.24543
1.57153
1.48859
1.39538
1.42329
1.38603
1.45711
1.49535
1.30825
1.37717
1.62650
1.72307
1.69696
1.54154
1.51926
1.64923
1.41755
1.49805
1.61137
1.47507
1.50012
1.50715
1.53954
1.60132
1.49148
1.62412
1.52835
1.62255
1.56927
1.62056
1.75463
1.67833
1.53979
1.65333
1.57987
1.69421
1.70060
1.64880
1.62373
1.64880
1.62616
1.48587
1.64379
1.53621
1.53510
1.50639
1.61670
1.62533
1.59686
1.43216
1.56140
1.44884
1.54804
1.49238
1.53176
1.51236
1.43823
1.49884
1.50444
1.63713
1.60156
1.63924
1.55349
1.69486
1.63236
1.55406
1.59484
1.66840
1.61220
1.60413
1.63467
1.49383
1.61279
1.55897
1.61580
1.62401
1.56445
1.47544
1.68298
1.59284
1.43350
1.70191
1.35595
1.42784
1.31250
1.53123
1.44783
1.44646
1.54272
1.60870
1.44965
1.48664
1.41560
1.53223
1.63242
1.39705
1.22720
1.56320
1.60946
1.32905
1.36443
1.37044
1.67093
1.61894
1.72593
1.73084
1.62079
1.52432
1.61679
1.61402
1.46171
1.50287
1.20862
1.64217
1.27145
1.55665
1.43835
1.55016
1.60148
1.52290
1.52365
1.51300
1.63627
1.56620
1.54277
1.40965
1.48521
1.45222
1.33120
1.51463
1.41855
1.48093
1.49541
1.62884
1.69267
1.38926
1.62266
1.51316
1.62169
1.52385
1.67178
1.59390
1.57524
1.52706
1.36505
1.58725
1.54485
1.58041
1.40662
1.41725
1.56796
1.46146
1.52610
1.60353
1.56282
1.33794
1.48642
1.52260
1.36200
1.41634
1.47157
1.45737
1.50484
1.37679
1.34230
1.73369
1.67229
1.68056
1.52518
1.51163
1.65722
1.43104
1.44878
1.66878
1.51062
1.48906
1.46914
1.46719
1.51220
1.59219
1.58666
1.48890
1.58735
1.47589
1.62571
1.57717
1.68320
1.68354
1.54495
1.64012
1.59413
1.66152
1.62731
1.65217
1.57905
1.68652
1.72539
1.63955
1.59493
1.51841
1.69387
1.49063
1.54349
1.56575
1.65152
1.36935
1.56805
1.55865
1.43442
1.51260
1.48751
1.54669
1.49248
1.44400
1.56211
1.72854
1.47281
1.60532
1.58170
1.60691
1.54094
1.56284
1.54810
1.62343
1.68238
1.55700
1.58583
1.62458
1.70030
1.50169
1.54654
1.49495
1.67095
1.55368
1.45809
1.61227
1.49345
1.56703
1.31779
1.55295
1.32415
1.44594
1.61814
1.61685
1.62829
1.61455
1.47728
1.52837
1.42062
1.45714
1.58863
1.37215
1.22450
1.58430
1.32645
1.57748
1.32314
1.35195
