0.70212
0.70272
0.72984
0.67262
0.69992
0.70147
0.69054
0.72353
0.68649
0.71475
0.72238
0.67624
0.70714
0.71072
0.71491
0.67714
0.69372
0.69602
0.67813
0.70562
0.67172
0.68476
0.68474
0.66493
0.70125
0.69672
0.69268
0.71275
0.70383
0.81266
0.77212
0.71797
0.71527
0.71414
0.71795
0.72335
0.71867
0.70713
0.73029
0.71717
0.67260
0.71542
0.68504
0.68558
0.72506
0.69875
0.74107
0.71867
0.72989
0.72208
0.73029
0.67845
0.70029
0.66086
0.69536
0.65736
0.68773
0.68221
0.71231
0.75447
0.69289
0.72414
0.72542
0.67233
0.67365
0.68968
0.64162
0.65336
0.65708
0.69192
0.72571
0.68555
0.69024
0.70307
0.66370
0.70528
0.68776
0.69696
0.69967
0.71598
0.76481
0.76201
0.67594
0.77317
0.69115
0.72780
0.73422
0.70661
0.71210
0.73268
0.72935
0.66985
0.71743
0.69644
0.69784
0.68103
0.70806
0.73625
0.67041
0.64657
0.66519
0.66187
0.67587
0.65683
0.65619
0.65017
0.65259
0.65031
0.64947
0.69704
0.66287
0.69324
0.63315
0.70796
0.66856
0.68310
0.64866
0.69271
0.66541
0.67386
0.67524
0.67776
0.68680
0.69250
0.69317
0.69097
0.70963
0.67424
0.69688
0.68685
0.66771
0.70487
0.65492
0.69697
0.64872
0.69640
0.69318
0.66838
0.67668
0.70697
0.65967
0.68011
0.68509
0.67938
0.68558
0.68171
0.68722
0.72955
0.70488
0.77109
0.73437
0.71513
0.70680
0.70310
0.70605
0.69874
0.69201
0.66797
0.67736
0.72175
0.71879
0.73586
0.70851
0.73177
0.66512
0.73133
0.72413
0.74059
0.70264
0.70617
0.68856
0.68645
0.71348
0.67738
0.68764
0.66320
0.67173
0.68430
0.65953
0.71592
0.68040
0.71027
0.71144
0.82735
0.78566
0.73820
0.71811
0.73066
0.71827
0.72057
0.70922
0.72760
0.72368
0.72072
0.70791
0.68930
0.67823
0.69273
0.75452
0.72845
0.74342
0.74022
0.75351
0.73401
0.66082
0.71502
0.69000
0.68881
0.65904
0.65177
0.70373
0.68432
0.67120
0.76691
0.72560
0.71214
0.73085
0.72690
0.66866
0.67143
0.68680
0.64911
0.64731
0.66541
0.65396
0.75647
0.70344
0.71876
0.67154
0.67829
0.70182
0.66231
0.70249
0.67328
0.67887
0.67894
0.72615
0.75633
0.66863
0.76835
0.67653
0.71856
0.70776
0.76478
0.70896
0.72993
0.70346
0.74179
0.73221
0.67925
0.72605
0.69257
0.71338
0.70363
0.74711
0.65126
0.65225
0.65420
0.64598
0.66856
0.64611
0.66190
0.64981
0.65102
0.64926
0.69471
0.64784
0.69044
0.65569
0.68390
0.63543
0.68487
0.64002
0.67186
0.67153
0.66955
0.65843
0.66629
0.70840
0.67019
0.70202
0.69432
0.69017
0.67322
0.67356
0.68685
0.67082
0.68370
0.64975
0.69473
0.65274
0.67608
0.69677
0.67907
0.67771
0.70261
0.66507
0.68318
0.67372
0.65776
0.67401
0.67858
0.71204
0.71616
0.74221
0.69555
0.72491
0.72505
