1.58862
1.59151
1.62251
1.53124
1.55078
1.58078
1.51360
1.56039
1.51056
1.21034
1.52465
1.30596
1.59454
1.48124
1.56753
1.51807
1.55403
1.57347
1.52287
1.59144
1.48107
1.52781
1.54189
1.31720
1.54550
1.42214
1.50695
1.47757
1.47514
1.58062
1.62001
1.58872
1.60399
1.53464
1.55804
1.43195
1.55271
1.62608
1.55240
1.58829
1.48992
1.34948
1.49353
1.45370
1.60539
1.44436
1.52806
1.50961
1.51122
1.59409
1.26600
1.54745
1.50913
1.42413
1.50369
1.38348
1.49392
1.49999
1.39436
1.48498
1.56717
1.57952
1.55468
1.52530
1.47458
1.56195
1.41979
1.49119
1.53030
1.48684
1.51970
1.49236
1.52259
1.57073
1.49850
1.52806
1.51521
1.57323
1.53256
1.56152
1.60914
1.54887
1.50457
1.52516
1.51856
1.55314
1.55768
1.56779
1.54740
1.56206
1.56986
1.51362
1.59454
1.55327
1.55755
1.54019
1.57904
1.54873
1.55972
1.47385
1.52644
1.45151
1.54207
1.47760
1.50223
1.50064
1.47380
1.49253
1.50512
1.53237
1.52684
1.53232
1.49442
1.55621
1.51517
1.47562
1.49728
1.54035
1.50256
1.50007
1.51152
1.51568
1.59732
1.53800
1.57679
1.56988
1.57150
1.51772
1.60714
1.56809
1.49723
1.59677
1.32916
1.48283
1.36909
1.53918
1.48522
1.46469
1.52999
1.56623
1.48818
1.52564
1.50077
1.52353
1.55997
1.43412
1.22192
1.51563
1.49411
1.26936
1.32095
1.30914
1.59133
1.58750
1.59801
1.56871
1.53788
1.47880
1.51869
1.58450
1.48874
1.54383
1.22745
1.59683
1.28502
1.55848
1.45750
1.54215
1.57286
1.53886
1.54043
1.51259
1.59077
1.52890
1.55940
1.45809
1.49977
1.50562
1.33146
1.54421
1.40205
1.48978
1.46266
1.58115
1.61606
1.44563
1.59709
1.53113
1.59060
1.54446
1.61945
1.58079
1.57373
1.55851
1.35398
1.51128
1.44717
1.50745
1.54268
1.46047
1.60851
1.52728
1.53909
1.60060
1.53956
1.36364
1.50086
1.50751
1.35370
1.43314
1.53939
1.49932
1.49018
1.51595
1.43220
1.60318
1.53423
1.57331
1.46772
1.50563
1.55254
1.43162
1.46371
1.55911
1.49413
1.51954
1.46962
1.50694
1.45891
1.53505
1.55677
1.47964
1.54758
1.49655
1.50483
1.53725
1.56920
1.60203
1.49241
1.51520
1.50977
1.51771
1.54177
1.51333
1.51582
1.55548
1.57078
1.58384
1.57737
1.53723
1.59881
1.53098
1.56375
1.56124
1.55371
1.42270
1.52899
1.50662
1.47005
1.51305
1.48844
1.52477
1.48575
1.47059
1.52679
1.57621
1.50003
1.51147
1.51605
1.50342
1.47873
1.47850
1.46753
1.51100
1.53580
1.46410
1.48179
1.49885
1.62328
1.51417
1.55972
1.53759
1.59291
1.52984
1.49323
1.55434
1.52686
1.54404
1.33022
1.53408
1.39233
1.48269
1.56258
1.55010
1.56320
1.55205
1.48760
1.53052
1.49219
1.49210
1.54622
1.41613
1.19440
1.51034
1.26870
1.47112
1.29845
1.29670
