0.00523
0.00456
0.00213
0.00511
0.00379
0.00363
0.00417
0.00246
0.00224
0.00400
0.00376
0.00409
0.00348
0.00374
0.00323
0.00417
0.00302
0.00390
0.00487
0.00338
0.00403
0.00406
0.00332
0.00347
0.00363
0.00575
0.00385
0.00472
0.00345
0.00189
0.00249
0.00342
0.00294
0.00155
0.00400
0.00131
0.00332
0.00313
0.00108
0.00249
0.00910
0.00338
0.00627
0.00430
0.00237
-0.00024
0.00297
0.00066
0.00171
0.00222
0.00422
0.00479
0.00599
0.00536
0.00338
0.00469
0.00515
0.00668
0.00316
0.00318
0.00294
0.00426
0.00300
0.00533
0.00394
0.00418
0.00741
0.00558
0.00601
0.00062
0.00117
0.00200
0.00343
0.00196
0.00440
0.00126
0.00386
0.00193
0.00345
0.00278
0.00210
0.00256
0.00397
0.00328
0.00460
0.00423
0.00430
0.00510
0.00342
0.00410
0.00228
0.00207
0.00297
0.00296
0.00290
0.00255
0.00297
0.00077
0.00478
0.00614
0.00463
0.00781
0.00358
0.00597
0.00478
0.00431
0.00433
0.00518
0.00408
0.00409
0.00381
0.00386
0.00557
0.00350
0.00437
0.00431
0.00587
0.00320
0.00555
0.00452
0.00394
0.00114
0.00235
0.00246
0.00282
0.00353
0.00327
0.00275
0.00345
0.00395
0.00338
0.00549
0.00415
0.00567
0.00501
0.00583
0.00549
0.00527
0.00373
0.00469
0.00400
0.00378
0.00362
0.00392
0.00406
0.00522
0.00093
0.00529
0.00228
0.00076
-0.00024
0.00068
0.00519
0.00538
0.00143
0.00399
0.00373
0.00475
0.00431
0.00390
0.00278
0.00257
0.00301
0.00268
0.00393
0.00318
0.00448
0.00313
0.00444
0.00485
0.00437
0.00501
0.00410
0.00426
0.00443
0.00470
0.00393
0.00516
0.00426
0.00321
0.00707
0.00426
0.00671
0.00207
0.00304
0.00156
0.00321
0.00191
0.00367
0.00267
0.00322
0.00250
0.00203
0.00281
0.00584
0.00623
0.00661
0.00780
0.00135
0.00110
0.00255
0.00125
0.00127
0.00308
0.00405
0.00599
0.00541
0.00591
0.00463
0.00614
0.00445
0.00529
0.00634
0.00309
0.00240
0.00226
0.00408
0.00243
0.00398
0.00555
0.00432
0.00600
0.00580
0.00487
0.00581
0.00177
0.00183
0.00228
0.00273
0.00393
0.00084
0.00510
0.00208
0.00391
0.00216
0.00428
0.00180
0.00218
0.00475
0.00431
0.00547
0.00508
0.00513
0.00425
0.00547
0.00296
0.00420
0.00239
0.00335
0.00197
0.00262
0.00267
0.00256
0.00329
0.00105
0.00701
0.00748
0.00460
0.00498
0.00541
0.00525
0.00597
0.00452
0.00426
0.00435
0.00299
0.00440
0.00361
0.00375
0.00433
0.00414
0.00378
0.00489
0.00446
0.00291
0.00397
0.00537
0.00411
0.00300
0.00207
0.00457
0.00333
0.00351
0.00210
0.00297
0.00393
0.00191
0.00316
0.00285
0.00536
0.00411
0.00610
0.00671
0.00531
0.00437
0.00435
0.00375
0.00497
0.00532
0.00371
0.00575
0.00621
0.00263
0.00669
0.00048
0.00181
-0.00121
-0.00036
