1.69195
1.70229
1.78654
1.66234
1.68276
1.72845
1.63746
1.64866
1.60648
1.24840
1.58948
1.38369
1.69921
1.56255
1.64826
1.61458
1.63921
1.68500
1.60901
1.68940
1.54531
1.59013
1.63429
1.39753
1.62232
1.51420
1.58923
1.56241
1.54692
1.68105
1.74383
1.67889
1.70281
1.61812
1.63449
1.49209
1.64486
1.74468
1.64750
1.67532
1.62034
1.42832
1.62321
1.58672
1.68801
1.51369
1.53087
1.56063
1.56238
1.67882
1.31717
1.64126
1.59337
1.50238
1.55390
1.47643
1.56721
1.59190
1.41902
1.50400
1.67530
1.71692
1.68680
1.62236
1.57742
1.69203
1.50670
1.58291
1.66188
1.57464
1.59115
1.60033
1.61293
1.67961
1.59161
1.66716
1.62194
1.69045
1.64818
1.67613
1.77177
1.67117
1.60860
1.64329
1.64235
1.69322
1.69761
1.69654
1.67030
1.68462
1.67407
1.60174
1.70065
1.63204
1.63990
1.61955
1.69229
1.65603
1.67463
1.54720
1.63862
1.53384
1.64019
1.57064
1.60874
1.59233
1.54675
1.58888
1.58786
1.66571
1.64463
1.66530
1.61151
1.69818
1.65283
1.59333
1.63143
1.67996
1.64311
1.63644
1.64949
1.60309
1.69497
1.64190
1.68900
1.68762
1.65459
1.59656
1.73060
1.67406
1.56264
1.73822
1.42313
1.54356
1.43653
1.63312
1.56273
1.55795
1.63111
1.67511
1.56584
1.60183
1.55509
1.62769
1.68710
1.49415
1.28852
1.61865
1.61483
1.33754
1.39064
1.38649
1.72210
1.69551
1.74758
1.73170
1.66165
1.58610
1.65496
1.69280
1.56919
1.61863
1.27460
1.70540
1.34949
1.64569
1.53196
1.62737
1.67739
1.61996
1.62552
1.59825
1.69847
1.64136
1.64396
1.51980
1.58429
1.56991
1.41534
1.62225
1.49485
1.57231
1.56218
1.67761
1.73609
1.50116
1.70290
1.61141
1.69733
1.62112
1.73479
1.68104
1.66530
1.62943
1.43278
1.63094
1.57299
1.63008
1.56625
1.52735
1.67832
1.58582
1.61628
1.69458
1.63406
1.42873
1.57690
1.60134
1.44725
1.52172
1.59925
1.56880
1.59197
1.52406
1.45496
1.74421
1.66329
1.69633
1.57577
1.59390
1.68944
1.52082
1.54863
1.70126
1.59263
1.58284
1.56359
1.57554
1.58134
1.64644
1.66449
1.57534
1.65216
1.58476
1.65392
1.65620
1.70612
1.73745
1.60580
1.62680
1.64250
1.65797
1.66544
1.63230
1.62706
1.68851
1.72341
1.68722
1.67692
1.63007
1.72601
1.60555
1.64791
1.65284
1.67002
1.48191
1.64066
1.62477
1.54731
1.60508
1.57902
1.62949
1.58015
1.54840
1.64212
1.72887
1.57521
1.63805
1.63388
1.63483
1.60094
1.59733
1.59518
1.65251
1.68691
1.58902
1.61942
1.64038
1.74539
1.60408
1.64185
1.61010
1.72034
1.63605
1.56954
1.67255
1.60837
1.64556
1.41319
1.63115
1.45412
1.56364
1.68282
1.67801
1.69046
1.66348
1.57470
1.62074
1.54938
1.57083
1.66521
1.47034
1.26294
1.61903
1.34050
1.58277
1.35740
1.37040
