0.00269
0.00348
0.00008
0.00153
-0.00083
0.00002
-0.00089
0.00095
0.00075
0.00624
0.00351
0.00561
0.00171
0.00398
0.00113
0.00193
0.00132
0.00208
0.00270
0.00110
0.00197
0.00240
0.00144
0.00371
0.00164
0.00613
0.00286
0.00350
0.00285
0.00052
-0.00007
0.00245
0.00072
0.00034
0.00386
0.00082
0.00326
0.00102
-0.00020
0.00060
0.00715
0.00330
0.00322
0.00241
0.00132
-0.00286
0.00245
-0.00149
0.00076
0.00067
0.00429
0.00330
0.00570
0.00509
0.00276
0.00486
0.00490
0.00595
0.00572
0.00393
-0.00041
0.00075
-0.00061
0.00187
0.00185
0.00098
0.00521
0.00335
0.00398
-0.00029
-0.00068
0.00099
0.00169
-0.00175
0.00225
-0.00106
0.00229
-0.00143
0.00089
0.00045
0.00032
-0.00297
0.00153
-0.00043
0.00221
-0.00057
-0.00017
0.00090
-0.00117
-0.00078
-0.00011
0.00097
0.00023
0.00093
0.00027
-0.00056
0.00141
-0.00038
0.00137
0.00458
0.00074
0.00697
-0.00036
0.00480
0.00218
0.00132
0.00050
0.00234
0.00183
-0.00004
0.00184
-0.00183
0.00238
0.00014
0.00186
0.00052
0.00267
0.00023
0.00185
0.00056
0.00108
-0.00051
0.00080
0.00122
0.00025
0.00059
0.00158
-0.00094
0.00161
0.00118
0.00176
0.00352
0.00423
0.00551
0.00465
0.00504
0.00567
0.00610
0.00131
0.00220
0.00226
0.00182
0.00195
0.00160
0.00188
0.00452
0.00050
0.00415
0.00100
0.00177
0.00082
0.00106
0.00351
0.00344
0.00021
0.00183
-0.00059
0.00159
0.00081
0.00272
0.00182
0.00162
0.00456
0.00170
0.00555
0.00181
0.00519
0.00243
0.00202
0.00307
0.00254
0.00330
0.00186
0.00246
0.00333
0.00161
0.00107
0.00280
0.00501
0.00096
0.00770
0.00298
0.00655
0.00136
0.00092
-0.00015
0.00181
0.00192
0.00282
0.00161
0.00129
0.00081
0.00070
0.00193
0.00551
0.00563
0.00520
0.00690
0.00066
0.00039
0.00208
-0.00061
0.00046
0.00075
0.00238
0.00684
0.00486
0.00452
0.00538
0.00629
0.00241
0.00526
0.00706
0.00324
0.00370
0.00030
0.00085
-0.00073
0.00157
0.00356
0.00209
0.00514
0.00436
0.00288
0.00340
0.00134
0.00160
0.00093
0.00302
0.00393
-0.00080
0.00452
-0.00030
0.00170
0.00102
0.00161
0.00004
-0.00037
0.00320
0.00173
0.00385
0.00107
0.00278
-0.00004
0.00205
-0.00029
0.00028
0.00017
0.00192
-0.00055
0.00137
0.00053
0.00059
0.00137
-0.00086
0.00594
0.00589
0.00234
0.00376
0.00358
0.00360
0.00358
0.00362
0.00272
0.00233
-0.00001
0.00165
-0.00012
0.00205
0.00103
0.00279
0.00150
0.00324
0.00145
0.00061
0.00134
0.00340
0.00215
0.00177
-0.00097
0.00348
0.00147
0.00058
-0.00042
0.00094
0.00178
-0.00125
0.00095
0.00380
0.00435
0.00370
0.00606
0.00454
0.00450
0.00183
0.00324
0.00124
0.00330
0.00297
0.00126
0.00378
0.00453
0.00471
0.00466
0.00262
0.00084
-0.00009
0.00103
