0.62323
0.61746
0.69065
0.56472
0.59172
0.59521
0.55244
0.62053
0.60468
0.67004
0.65269
0.63483
0.63206
0.66070
0.64825
0.56343
0.59805
0.60838
0.56693
0.61548
0.54052
0.59229
0.57735
0.61562
0.64851
0.64342
0.64215
0.66892
0.65642
0.76476
0.73142
0.61742
0.65528
0.63143
0.62917
0.63298
0.64289
0.62925
0.66212
0.63962
0.63233
0.66426
0.60434
0.59137
0.65685
0.61701
0.67307
0.64578
0.65657
0.64923
0.67597
0.61086
0.65397
0.59403
0.61588
0.59442
0.62203
0.60675
0.63154
0.66954
0.51035
0.60040
0.57187
0.53922
0.56943
0.57156
0.56099
0.51639
0.55030
0.58682
0.61283
0.51717
0.57421
0.52821
0.54116
0.55322
0.56800
0.55336
0.56223
0.65302
0.73651
0.58023
0.55610
0.56085
0.56172
0.57275
0.59035
0.55434
0.58196
0.57694
0.64731
0.51448
0.61641
0.60870
0.58255
0.57163
0.63089
0.68756
0.57913
0.55801
0.56669
0.60757
0.55471
0.59674
0.56615
0.56523
0.55476
0.56277
0.56682
0.55738
0.58097
0.55633
0.53162
0.59466
0.57964
0.53974
0.52905
0.58717
0.54781
0.55572
0.56571
0.53343
0.57849
0.53810
0.57012
0.56757
0.55885
0.51808
0.60581
0.55783
0.51634
0.59426
0.54164
0.57125
0.54226
0.60474
0.58137
0.55922
0.56104
0.61404
0.55582
0.55609
0.57367
0.56302
0.57704
0.60340
0.61908
0.59110
0.61320
0.70206
0.68034
0.64541
0.62246
0.60806
0.66020
0.60775
0.57132
0.51957
0.55551
0.60637
0.65350
0.64826
0.66373
0.65822
0.62331
0.66949
0.67686
0.67438
0.61528
0.62134
0.58680
0.58139
0.63001
0.57508
0.60072
0.54586
0.55635
0.58316
0.60999
0.66008
0.62930
0.66320
0.67151
0.77514
0.74143
0.64692
0.64431
0.64780
0.62447
0.64380
0.63044
0.66171
0.64497
0.63021
0.65785
0.64386
0.58107
0.63729
0.67800
0.65044
0.67701
0.67403
0.67136
0.65688
0.59500
0.65405
0.64764
0.59784
0.59451
0.57621
0.62472
0.62257
0.58614
0.68795
0.65219
0.59065
0.57089
0.57035
0.56043
0.53401
0.58097
0.57212
0.54136
0.55183
0.52240
0.64721
0.60951
0.59737
0.50629
0.57230
0.53300
0.52943
0.54227
0.55293
0.54751
0.54321
0.66915
0.72102
0.55240
0.55047
0.54804
0.57670
0.55348
0.59374
0.55259
0.56945
0.60083
0.66594
0.65210
0.52995
0.62545
0.57735
0.61266
0.61848
0.70588
0.59802
0.58729
0.55571
0.57017
0.54404
0.56189
0.56331
0.55916
0.55736
0.57478
0.60454
0.55763
0.54591
0.57377
0.55997
0.53430
0.53871
0.51892
0.56009
0.57839
0.52840
0.53752
0.55072
0.60734
0.50537
0.55686
0.54858
0.59402
0.51187
0.51935
0.57164
0.51273
0.55206
0.52591
0.55770
0.53771
0.55296
0.57252
0.56386
0.57596
0.59780
0.55716
0.56556
0.57101
0.53725
0.54829
0.61292
0.64009
0.56846
0.67435
0.60938
0.66918
0.66055
