1.65412
1.65827
1.70061
1.59855
1.61596
1.65496
1.57612
1.61617
1.56798
1.24094
1.57508
1.35327
1.65655
1.53538
1.62180
1.57657
1.60898
1.63907
1.57694
1.65321
1.53056
1.58018
1.60150
1.36682
1.60214
1.47731
1.56332
1.53391
1.52657
1.63700
1.68852
1.64582
1.66496
1.58755
1.61189
1.47718
1.60904
1.69191
1.61101
1.64384
1.55408
1.39271
1.55782
1.51661
1.66216
1.49001
1.56562
1.55452
1.55724
1.65051
1.30019
1.60699
1.56674
1.47798
1.55226
1.43761
1.54802
1.55992
1.42828
1.51927
1.62307
1.64171
1.61285
1.58470
1.53384
1.63135
1.47383
1.54786
1.60026
1.54177
1.56910
1.55136
1.57902
1.63137
1.55609
1.59339
1.57802
1.63648
1.59564
1.62506
1.68738
1.60338
1.56520
1.57658
1.58440
1.61482
1.61985
1.63262
1.60995
1.62368
1.63006
1.57188
1.65511
1.60900
1.61268
1.59636
1.64631
1.60755
1.62858
1.52888
1.59084
1.50749
1.60379
1.53577
1.56556
1.55893
1.52676
1.55228
1.56183
1.59608
1.59162
1.59594
1.55754
1.62125
1.58114
1.53201
1.56308
1.60657
1.57068
1.56631
1.57661
1.57116
1.65576
1.59816
1.64177
1.63457
1.62439
1.57349
1.67306
1.63065
1.54775
1.66562
1.38059
1.53139
1.41864
1.60015
1.53855
1.52435
1.59130
1.62954
1.54264
1.58270
1.55149
1.58829
1.62995
1.47865
1.25877
1.56946
1.55271
1.29955
1.35905
1.34604
1.66087
1.65171
1.67277
1.64392
1.60021
1.53720
1.58556
1.64730
1.54089
1.59622
1.25980
1.65942
1.32702
1.61469
1.50792
1.59717
1.63641
1.59303
1.59851
1.56540
1.65393
1.59416
1.61801
1.50704
1.55455
1.55809
1.38163
1.60041
1.45748
1.54404
1.52064
1.63665
1.68191
1.48854
1.65948
1.58367
1.65040
1.59609
1.68376
1.64015
1.62909
1.60843
1.39918
1.57387
1.50974
1.57246
1.58278
1.50656
1.66230
1.57446
1.58923
1.65926
1.60097
1.40707
1.55532
1.56439
1.40642
1.48886
1.59161
1.55226
1.55093
1.54957
1.46643
1.67184
1.59057
1.63048
1.52776
1.56262
1.62342
1.48689
1.52042
1.63016
1.55327
1.56614
1.52605
1.55674
1.52061
1.59797
1.61806
1.53577
1.60444
1.55335
1.57298
1.60226
1.63499
1.67385
1.55443
1.56306
1.57667
1.57906
1.60332
1.56311
1.57282
1.61604
1.64032
1.64211
1.63796
1.59716
1.66484
1.58508
1.61979
1.62214
1.61559
1.47221
1.59552
1.57033
1.52626
1.57107
1.54862
1.58841
1.54507
1.52584
1.59380
1.64675
1.55552
1.57209
1.58212
1.56578
1.54412
1.53660
1.53164
1.57749
1.60803
1.52486
1.54809
1.56507
1.68781
1.57041
1.61274
1.58878
1.66096
1.59141
1.54572
1.61963
1.58234
1.60429
1.38014
1.59065
1.43873
1.53678
1.62447
1.61713
1.63391
1.61463
1.54356
1.59046
1.54234
1.54679
1.61272
1.46109
1.22924
1.56310
1.30219
1.52664
1.33184
1.33174
