1.23429
1.24085
1.27315
1.21799
1.25688
1.24557
1.23151
1.27469
1.23709
1.05027
1.22931
1.07095
1.28209
1.19582
1.26171
1.21338
1.25553
1.23408
1.23210
1.25696
1.20904
1.22549
1.22050
1.07847
1.22556
1.15334
1.19934
1.18019
1.18288
1.28734
1.28095
1.30096
1.26869
1.26607
1.27180
1.20567
1.26836
1.28535
1.25731
1.29042
1.18996
1.14115
1.20043
1.18111
1.28318
1.21550
1.25095
1.24571
1.23331
1.28924
1.08917
1.23393
1.21605
1.14093
1.21845
1.10396
1.19666
1.18402
1.16552
1.23761
1.29810
1.29477
1.29755
1.22231
1.18292
1.23166
1.15280
1.20009
1.19682
1.19884
1.23449
1.23175
1.23371
1.28546
1.21002
1.25750
1.21562
1.27645
1.24321
1.23973
1.26261
1.30520
1.20363
1.30415
1.22329
1.28595
1.28608
1.26487
1.25471
1.27653
1.26159
1.21223
1.27913
1.23127
1.26713
1.23316
1.23979
1.27239
1.21393
1.16959
1.20864
1.16998
1.22843
1.17693
1.18763
1.19087
1.18454
1.18576
1.20373
1.25667
1.21384
1.25491
1.18698
1.26159
1.21423
1.21127
1.19493
1.24222
1.20682
1.21122
1.22470
1.22415
1.29576
1.23955
1.25133
1.24175
1.30184
1.22683
1.27032
1.25265
1.22423
1.25686
1.10069
1.22474
1.10650
1.22851
1.19793
1.16694
1.21252
1.24439
1.19052
1.21950
1.20643
1.20377
1.21527
1.19527
1.04820
1.26554
1.22322
1.14911
1.15202
1.15510
1.24351
1.25046
1.25434
1.23192
1.25575
1.20826
1.22012
1.29610
1.23314
1.26702
1.06180
1.28470
1.06277
1.26234
1.18728
1.24900
1.24005
1.24965
1.21769
1.22882
1.26026
1.20519
1.22742
1.19339
1.21303
1.21012
1.08027
1.23731
1.13438
1.20442
1.18088
1.29835
1.29272
1.22268
1.26929
1.26548
1.28821
1.27238
1.28407
1.27250
1.28693
1.28684
1.13470
1.20937
1.17998
1.18929
1.26439
1.23005
1.29273
1.26391
1.26072
1.29923
1.21783
1.14289
1.21180
1.20757
1.09915
1.13876
1.23848
1.19851
1.17660
1.25339
1.19437
1.27733
1.29924
1.30666
1.18234
1.21359
1.22302
1.15837
1.17217
1.21407
1.20048
1.24557
1.19325
1.22555
1.21038
1.22242
1.27669
1.20423
1.27716
1.20994
1.23511
1.24138
1.25404
1.24423
1.19407
1.30126
1.21137
1.25604
1.26180
1.29180
1.25226
1.28096
1.25545
1.28090
1.26539
1.23022
1.27749
1.23208
1.26804
1.23527
1.26839
1.15796
1.18903
1.19412
1.16870
1.21105
1.17961
1.19980
1.17560
1.17964
1.18790
1.25502
1.19363
1.24837
1.19892
1.22624
1.17966
1.21962
1.18227
1.21059
1.22462
1.20172
1.19149
1.21212
1.30428
1.23069
1.29224
1.26059
1.25528
1.23347
1.22418
1.23277
1.23298
1.23663
1.08518
1.24865
1.12764
1.19324
1.26196
1.22676
1.21509
1.24453
1.19579
1.22169
1.20441
1.19569
1.21186
1.17694
1.04047
1.27238
1.12950
1.20779
1.14956
1.14631
