0.66247
0.66050
0.70967
0.61934
0.64731
0.65044
0.62376
0.66913
0.64086
0.69211
0.68708
0.65414
0.66508
0.68429
0.67922
0.61939
0.64496
0.65218
0.62228
0.66045
0.60659
0.63836
0.63153
0.63864
0.67260
0.66933
0.66454
0.68940
0.67821
0.78984
0.74910
0.66657
0.68219
0.67550
0.67077
0.68009
0.67842
0.66482
0.69381
0.67805
0.65012
0.68881
0.64517
0.63932
0.68869
0.65161
0.70528
0.67647
0.69060
0.68078
0.70312
0.64265
0.67533
0.62480
0.65447
0.62376
0.65318
0.64450
0.67348
0.71419
0.60252
0.66510
0.65060
0.60844
0.62394
0.63288
0.60024
0.58708
0.60371
0.63616
0.66714
0.60268
0.63394
0.61560
0.60196
0.62899
0.62679
0.62378
0.62979
0.68454
0.75047
0.67301
0.61956
0.67295
0.63042
0.65206
0.66331
0.63213
0.64785
0.65741
0.68891
0.59468
0.66772
0.65195
0.63972
0.62425
0.66752
0.71159
0.62496
0.60082
0.61556
0.63261
0.61633
0.62444
0.61082
0.60663
0.60217
0.60493
0.60693
0.63033
0.62244
0.62796
0.58343
0.65458
0.62569
0.61677
0.59124
0.64280
0.60858
0.61704
0.62253
0.60653
0.62904
0.61698
0.63202
0.62966
0.63495
0.59794
0.64792
0.62305
0.59307
0.64879
0.60348
0.63493
0.59694
0.64967
0.63831
0.61566
0.62008
0.66176
0.60612
0.61934
0.62943
0.62302
0.63355
0.64347
0.65616
0.66105
0.65983
0.73865
0.70921
0.68163
0.66606
0.65660
0.68179
0.65507
0.63275
0.59722
0.61795
0.66198
0.68115
0.68749
0.68575
0.69314
0.64206
0.69806
0.69906
0.70663
0.65862
0.66404
0.63850
0.63455
0.66975
0.62586
0.64348
0.60551
0.61462
0.63390
0.63297
0.68511
0.65356
0.68456
0.68943
0.80311
0.76280
0.69196
0.67776
0.69155
0.66903
0.67989
0.66641
0.68997
0.68170
0.67595
0.68251
0.66509
0.63110
0.66410
0.71518
0.68468
0.70841
0.70153
0.71033
0.69092
0.62638
0.68426
0.66627
0.64501
0.62450
0.61240
0.66232
0.65114
0.62833
0.73013
0.69024
0.65362
0.65111
0.64806
0.61777
0.60527
0.63699
0.60918
0.59435
0.61166
0.58934
0.70181
0.65327
0.65532
0.58957
0.62763
0.61747
0.59697
0.62297
0.61161
0.61168
0.61013
0.69742
0.73816
0.61424
0.66510
0.61582
0.64970
0.63456
0.68242
0.63468
0.65178
0.65062
0.70573
0.69322
0.60696
0.67557
0.63586
0.66299
0.66097
0.72644
0.62264
0.61833
0.60417
0.60597
0.60771
0.60322
0.61209
0.60412
0.60309
0.61012
0.65028
0.60224
0.62074
0.61457
0.62338
0.58640
0.61667
0.58129
0.61690
0.62568
0.60314
0.59958
0.61041
0.65426
0.59013
0.63154
0.62237
0.64085
0.59490
0.59873
0.62943
0.59452
0.61925
0.59220
0.62835
0.59670
0.61810
0.63596
0.62357
0.62792
0.65113
0.61117
0.62771
0.62281
0.59815
0.61372
0.64473
0.67934
0.64217
0.71002
0.65278
0.69818
0.69517
