0.73589
0.73953
0.74742
0.71619
0.74359
0.74142
0.74273
0.77529
0.73579
0.73432
0.75409
0.69977
0.75044
0.73748
0.74952
0.72623
0.73923
0.73387
0.72842
0.74576
0.72770
0.72697
0.72867
0.69185
0.73122
0.72305
0.72089
0.73635
0.72902
0.83164
0.79567
0.76945
0.74930
0.75620
0.76405
0.76999
0.76240
0.75075
0.77091
0.75905
0.69722
0.74371
0.72042
0.72231
0.76164
0.75067
0.77591
0.76749
0.77044
0.76761
0.75621
0.71277
0.72808
0.69372
0.73238
0.68811
0.71828
0.71352
0.74325
0.78740
0.77097
0.77400
0.79004
0.72235
0.71110
0.73193
0.68064
0.70644
0.70045
0.74651
0.78041
0.75977
0.73406
0.77707
0.71795
0.77412
0.74394
0.76128
0.76235
0.74249
0.77997
0.83433
0.71821
0.84998
0.73612
0.78852
0.79530
0.76313
0.76578
0.79007
0.76290
0.72905
0.76137
0.73553
0.75020
0.73083
0.74464
0.75990
0.70993
0.68767
0.70669
0.69244
0.72392
0.68977
0.69536
0.68994
0.69730
0.69055
0.68758
0.75051
0.69551
0.74276
0.67397
0.74850
0.70277
0.73187
0.69196
0.73160
0.71008
0.71810
0.71506
0.73634
0.74491
0.75160
0.74469
0.74131
0.77490
0.73582
0.74356
0.74027
0.72967
0.75367
0.69033
0.74697
0.69016
0.73428
0.73628
0.71061
0.72431
0.74522
0.70701
0.72725
0.72942
0.72389
0.72794
0.71629
0.71260
0.78749
0.74441
0.79987
0.75819
0.74386
0.74143
0.74187
0.72962
0.73297
0.73980
0.72034
0.72462
0.77814
0.76136
0.78385
0.72920
0.77017
0.69029
0.76491
0.74924
0.77112
0.74072
0.74586
0.72976
0.73245
0.75323
0.72283
0.72813
0.71282
0.72147
0.72634
0.68711
0.74703
0.70656
0.73691
0.73390
0.84773
0.80867
0.78447
0.76024
0.77075
0.76687
0.76052
0.75246
0.76899
0.76746
0.76460
0.73213
0.71379
0.71553
0.72146
0.79179
0.77679
0.77834
0.78276
0.79540
0.77840
0.69530
0.74384
0.71710
0.72206
0.69048
0.68630
0.74052
0.71641
0.70500
0.79823
0.75508
0.76033
0.79586
0.79282
0.70549
0.72182
0.72439
0.68691
0.69392
0.70866
0.70598
0.80682
0.75459
0.77672
0.74536
0.71874
0.77400
0.71740
0.77052
0.72892
0.74352
0.74216
0.75190
0.77486
0.70950
0.84873
0.72211
0.77495
0.76485
0.83389
0.76537
0.79157
0.75161
0.77279
0.76637
0.73760
0.77027
0.74002
0.75828
0.74035
0.76560
0.68197
0.68615
0.69620
0.68394
0.71503
0.68508
0.70398
0.68956
0.69291
0.68602
0.73048
0.68682
0.74536
0.69030
0.73279
0.67662
0.73577
0.68555
0.71603
0.70657
0.71848
0.70361
0.70990
0.76087
0.73494
0.76339
0.75681
0.73571
0.73768
0.73489
0.73530
0.73489
0.73928
0.69148
0.74976
0.69606
0.72121
0.74636
0.72324
0.72021
0.74372
0.71096
0.72731
0.71658
0.70480
0.72263
0.71070
0.73509
0.77795
0.77164
0.73447
0.75137
0.75295
