0.00345
0.00327
0.00151
0.00343
0.00341
0.00248
0.00345
0.00162
0.00220
0.00331
0.00258
0.00236
0.00250
0.00249
0.00231
0.00263
0.00236
0.00277
0.00349
0.00254
0.00246
0.00280
0.00224
0.00236
0.00211
0.00400
0.00272
0.00361
0.00270
0.00155
0.00201
0.00285
0.00223
0.00154
0.00263
0.00077
0.00260
0.00234
0.00037
0.00167
0.00778
0.00272
0.00528
0.00333
0.00190
0.00004
0.00168
0.00045
0.00102
0.00155
0.00363
0.00381
0.00501
0.00368
0.00223
0.00322
0.00310
0.00427
0.00237
0.00221
0.00220
0.00336
0.00281
0.00428
0.00272
0.00332
0.00595
0.00440
0.00441
0.00062
0.00089
0.00153
0.00245
0.00141
0.00314
0.00116
0.00285
0.00136
0.00297
0.00171
0.00208
0.00250
0.00223
0.00380
0.00325
0.00393
0.00380
0.00430
0.00226
0.00363
0.00166
0.00095
0.00230
0.00209
0.00229
0.00162
0.00202
0.00013
0.00357
0.00488
0.00306
0.00594
0.00277
0.00472
0.00329
0.00331
0.00292
0.00345
0.00280
0.00311
0.00255
0.00342
0.00375
0.00262
0.00298
0.00331
0.00388
0.00184
0.00360
0.00338
0.00284
0.00080
0.00209
0.00157
0.00192
0.00269
0.00272
0.00173
0.00276
0.00297
0.00293
0.00426
0.00321
0.00407
0.00374
0.00454
0.00387
0.00365
0.00262
0.00298
0.00273
0.00254
0.00203
0.00206
0.00260
0.00393
0.00064
0.00448
0.00140
0.00051
0.00001
0.00097
0.00383
0.00397
0.00107
0.00268
0.00303
0.00375
0.00316
0.00306
0.00237
0.00216
0.00251
0.00192
0.00283
0.00208
0.00305
0.00221
0.00321
0.00336
0.00300
0.00393
0.00299
0.00318
0.00331
0.00342
0.00313
0.00369
0.00305
0.00215
0.00492
0.00348
0.00500
0.00218
0.00229
0.00080
0.00228
0.00155
0.00345
0.00222
0.00242
0.00195
0.00189
0.00236
0.00506
0.00513
0.00549
0.00610
0.00074
0.00060
0.00173
0.00108
0.00077
0.00241
0.00353
0.00462
0.00452
0.00451
0.00275
0.00433
0.00320
0.00360
0.00446
0.00220
0.00145
0.00177
0.00362
0.00154
0.00280
0.00440
0.00318
0.00459
0.00452
0.00354
0.00441
0.00140
0.00130
0.00201
0.00251
0.00279
0.00091
0.00371
0.00248
0.00277
0.00208
0.00352
0.00124
0.00196
0.00316
0.00394
0.00417
0.00459
0.00457
0.00404
0.00499
0.00282
0.00322
0.00180
0.00253
0.00068
0.00227
0.00163
0.00236
0.00236
0.00101
0.00569
0.00558
0.00302
0.00411
0.00400
0.00368
0.00456
0.00299
0.00314
0.00304
0.00202
0.00258
0.00326
0.00212
0.00346
0.00272
0.00299
0.00315
0.00317
0.00173
0.00291
0.00322
0.00262
0.00255
0.00129
0.00401
0.00278
0.00290
0.00186
0.00233
0.00303
0.00172
0.00268
0.00194
0.00438
0.00289
0.00445
0.00524
0.00401
0.00308
0.00333
0.00281
0.00364
0.00374
0.00258
0.00387
0.00426
0.00197
0.00595
0.00018
0.00118
-0.00084
-0.00004
