0.00222
0.00297
-0.00019
0.00029
-0.00174
-0.00059
-0.00236
0.00091
0.00089
0.00708
0.00363
0.00620
0.00145
0.00444
0.00125
0.00141
0.00059
0.00196
0.00242
0.00103
0.00155
0.00227
0.00094
0.00389
0.00101
0.00607
0.00280
0.00322
0.00264
0.00030
-0.00042
0.00244
-0.00024
0.00069
0.00419
0.00092
0.00353
0.00124
0.00043
0.00113
0.00633
0.00320
0.00272
0.00215
0.00102
-0.00320
0.00293
-0.00085
0.00144
0.00055
0.00430
0.00373
0.00616
0.00491
0.00312
0.00477
0.00577
0.00598
0.00649
0.00518
-0.00072
-0.00019
-0.00130
0.00108
0.00127
0.00098
0.00465
0.00271
0.00414
-0.00001
-0.00050
0.00027
0.00125
-0.00191
0.00131
-0.00221
0.00133
-0.00159
-0.00033
0.00059
0.00012
-0.00426
0.00099
-0.00163
0.00109
-0.00194
-0.00209
-0.00120
-0.00261
-0.00253
-0.00060
0.00033
-0.00022
0.00062
-0.00036
-0.00050
0.00087
0.00024
0.00094
0.00406
-0.00074
0.00677
-0.00064
0.00486
0.00267
0.00130
-0.00071
0.00243
0.00202
-0.00108
0.00169
-0.00300
0.00128
-0.00052
0.00125
-0.00100
0.00250
-0.00035
0.00110
-0.00034
0.00027
-0.00055
0.00143
0.00050
0.00001
-0.00007
0.00168
-0.00145
0.00146
0.00085
0.00062
0.00264
0.00463
0.00471
0.00478
0.00481
0.00572
0.00580
0.00068
0.00142
0.00206
0.00144
0.00155
0.00063
0.00141
0.00470
0.00073
0.00365
0.00120
0.00226
0.00164
0.00186
0.00278
0.00276
0.00015
0.00151
-0.00123
0.00103
0.00019
0.00293
0.00336
0.00168
0.00518
0.00139
0.00616
0.00224
0.00561
0.00286
0.00197
0.00266
0.00249
0.00219
0.00243
0.00174
0.00265
0.00150
0.00035
0.00183
0.00572
0.00055
0.00783
0.00291
0.00678
0.00105
0.00061
0.00014
0.00190
0.00271
0.00240
0.00167
0.00153
0.00072
0.00156
0.00247
0.00573
0.00551
0.00523
0.00733
0.00091
0.00048
0.00215
-0.00058
-0.00001
0.00091
0.00291
0.00786
0.00598
0.00492
0.00596
0.00628
0.00236
0.00511
0.00753
0.00335
0.00374
-0.00029
-0.00010
-0.00103
0.00153
0.00330
0.00191
0.00548
0.00447
0.00225
0.00349
0.00123
0.00213
0.00054
0.00331
0.00314
-0.00069
0.00456
-0.00070
0.00190
0.00038
0.00141
0.00030
-0.00023
0.00315
0.00112
0.00328
-0.00048
0.00215
-0.00104
0.00090
-0.00143
-0.00136
-0.00004
0.00139
-0.00122
0.00132
0.00027
0.00000
0.00143
-0.00046
0.00607
0.00490
0.00172
0.00397
0.00349
0.00334
0.00322
0.00346
0.00259
0.00183
-0.00086
0.00151
-0.00110
0.00240
-0.00040
0.00292
0.00104
0.00322
0.00022
0.00090
0.00087
0.00346
0.00230
0.00198
-0.00152
0.00334
0.00140
0.00046
-0.00105
0.00039
0.00138
-0.00204
0.00013
0.00398
0.00412
0.00483
0.00589
0.00395
0.00455
0.00183
0.00264
0.00093
0.00258
0.00245
0.00090
0.00314
0.00425
0.00588
0.00417
0.00340
0.00136
0.00087
0.00181
