1.67010
1.68183
1.79114
1.65664
1.68214
1.72876
1.63100
1.62790
1.58745
1.22744
1.56327
1.36692
1.68402
1.54010
1.62311
1.59686
1.61664
1.67029
1.58828
1.67029
1.51662
1.55881
1.61073
1.37982
1.59291
1.49740
1.56355
1.53969
1.51878
1.67100
1.73541
1.65896
1.68328
1.59556
1.60885
1.46406
1.62360
1.73210
1.62477
1.65277
1.61920
1.41697
1.62228
1.59174
1.66357
1.48784
1.47756
1.52464
1.52315
1.65347
1.30085
1.62558
1.56976
1.47605
1.51729
1.45644
1.53754
1.56790
1.38399
1.46411
1.66971
1.72678
1.69810
1.60401
1.56618
1.68554
1.48642
1.56319
1.65410
1.55307
1.56645
1.58427
1.59579
1.66428
1.56804
1.66726
1.60296
1.67996
1.63448
1.66458
1.77327
1.68168
1.59456
1.65480
1.63222
1.70308
1.70744
1.69144
1.66460
1.68247
1.66339
1.57434
1.68991
1.60656
1.61518
1.59117
1.67673
1.65083
1.65715
1.51711
1.62237
1.51262
1.61846
1.55237
1.59376
1.57394
1.51890
1.56801
1.56771
1.66719
1.63905
1.66653
1.60230
1.70590
1.65557
1.59176
1.63051
1.68518
1.64305
1.63623
1.65493
1.57887
1.67811
1.62413
1.67470
1.67709
1.63501
1.56693
1.72274
1.65794
1.53009
1.73535
1.41203
1.51244
1.40597
1.60882
1.53344
1.53281
1.61182
1.65994
1.53722
1.57148
1.51781
1.60536
1.67720
1.46913
1.27592
1.61012
1.62003
1.34100
1.38785
1.38890
1.71289
1.67802
1.74807
1.74031
1.65981
1.57593
1.65357
1.67746
1.54545
1.59037
1.25960
1.69353
1.33055
1.62530
1.50963
1.60852
1.65814
1.59762
1.60033
1.57881
1.68485
1.62575
1.61857
1.49109
1.56058
1.53830
1.39685
1.59538
1.47920
1.55103
1.54922
1.66752
1.72870
1.47202
1.68616
1.58977
1.68256
1.59763
1.72371
1.66349
1.64649
1.60299
1.41796
1.62605
1.57217
1.62296
1.51787
1.50118
1.64633
1.55274
1.59285
1.67461
1.61674
1.40724
1.55508
1.58224
1.43030
1.49654
1.56384
1.53989
1.57154
1.47750
1.41831
1.74949
1.67407
1.70038
1.56675
1.57310
1.68728
1.50097
1.52349
1.69729
1.57454
1.55823
1.54465
1.54683
1.57362
1.63510
1.64995
1.55677
1.64207
1.55963
1.66050
1.64344
1.70710
1.72716
1.59464
1.63901
1.63666
1.66854
1.66426
1.64582
1.62066
1.69672
1.73354
1.67729
1.65980
1.60388
1.72381
1.57645
1.62242
1.63178
1.66979
1.45184
1.62312
1.61360
1.51781
1.58350
1.55702
1.61082
1.56021
1.52235
1.62514
1.73934
1.54727
1.63811
1.62469
1.63582
1.59165
1.59681
1.59063
1.65419
1.69445
1.58920
1.61852
1.64491
1.74001
1.58085
1.62019
1.58237
1.71303
1.62090
1.54313
1.66299
1.58154
1.62904
1.39246
1.61429
1.42113
1.53620
1.67108
1.66924
1.67884
1.65451
1.55260
1.59700
1.51352
1.54369
1.65011
1.44372
1.25701
1.61843
1.34213
1.58769
1.35284
1.37259
