0.00376
0.00406
0.00013
0.00305
-0.00094
-0.00034
-0.00096
0.00205
0.00203
0.00644
0.00317
0.00550
0.00208
0.00566
0.00269
0.00248
0.00094
0.00224
0.00387
0.00103
0.00336
0.00346
0.00067
0.00474
0.00159
0.00764
0.00367
0.00572
0.00435
0.00178
0.00051
0.00356
-0.00071
0.00197
0.00539
0.00154
0.00500
0.00238
0.00238
0.00311
0.00636
0.00403
0.00321
0.00307
0.00185
-0.00254
0.00285
0.00050
0.00179
0.00150
0.00528
0.00534
0.00708
0.00679
0.00386
0.00648
0.00765
0.00751
0.00613
0.00547
0.00040
-0.00076
-0.00185
0.00202
0.00201
0.00165
0.00636
0.00407
0.00528
0.00053
-0.00020
-0.00100
0.00238
-0.00070
0.00254
-0.00220
0.00289
0.00028
-0.00057
0.00133
-0.00029
-0.00466
0.00276
-0.00259
0.00171
-0.00249
-0.00365
-0.00152
-0.00229
-0.00245
-0.00067
0.00153
0.00074
0.00243
0.00089
0.00198
0.00226
0.00009
0.00319
0.00703
0.00032
0.00637
0.00119
0.00584
0.00486
0.00283
0.00142
0.00354
0.00372
-0.00112
0.00261
-0.00307
0.00256
-0.00000
0.00300
-0.00089
0.00387
0.00052
0.00144
0.00022
0.00142
0.00091
0.00345
0.00081
0.00155
0.00034
0.00217
0.00002
0.00192
0.00179
0.00224
0.00279
0.00617
0.00653
0.00750
0.00682
0.00815
0.00702
0.00176
0.00230
0.00453
0.00378
0.00316
0.00089
0.00157
0.00553
0.00151
0.00452
0.00168
0.00306
0.00268
0.00295
0.00261
0.00289
0.00134
0.00060
-0.00105
0.00243
0.00039
0.00366
0.00489
0.00252
0.00543
0.00148
0.00630
0.00326
0.00631
0.00357
0.00329
0.00335
0.00362
0.00276
0.00318
0.00257
0.00398
0.00283
0.00113
0.00290
0.00686
0.00185
0.00794
0.00394
0.00770
0.00151
0.00140
0.00282
0.00259
0.00490
0.00218
0.00344
0.00203
0.00271
0.00368
0.00433
0.00604
0.00608
0.00625
0.00844
0.00147
0.00025
0.00211
0.00023
0.00052
0.00072
0.00429
0.00843
0.00728
0.00704
0.00826
0.00774
0.00481
0.00659
0.00863
0.00420
0.00564
-0.00080
-0.00056
-0.00015
0.00136
0.00597
0.00163
0.00700
0.00595
0.00283
0.00560
0.00071
0.00183
-0.00048
0.00113
0.00456
0.00079
0.00633
0.00016
0.00394
0.00006
0.00111
0.00035
-0.00017
0.00360
0.00087
0.00346
-0.00116
0.00279
-0.00166
0.00108
-0.00208
-0.00241
0.00017
0.00239
-0.00039
0.00195
0.00118
0.00147
0.00145
-0.00025
0.00716
0.00588
0.00161
0.00541
0.00512
0.00386
0.00471
0.00544
0.00449
0.00260
-0.00098
0.00352
-0.00111
0.00411
0.00025
0.00345
0.00190
0.00416
0.00079
0.00187
0.00154
0.00409
0.00365
0.00277
-0.00097
0.00397
0.00240
0.00243
-0.00105
0.00075
0.00238
-0.00000
0.00085
0.00627
0.00458
0.00715
0.00779
0.00566
0.00673
0.00322
0.00327
0.00196
0.00448
0.00379
0.00187
0.00481
0.00561
0.00802
0.00504
0.00442
0.00271
0.00232
0.00258
