1.49737
1.49842
1.52449
1.44238
1.46946
1.48663
1.43368
1.48288
1.43430
1.17065
1.44981
1.24265
1.50864
1.40490
1.48733
1.43488
1.47408
1.48089
1.44523
1.50176
1.40819
1.44777
1.45445
1.25190
1.46024
1.34610
1.42624
1.39670
1.39707
1.50217
1.52715
1.51048
1.51378
1.45905
1.48250
1.36969
1.47556
1.53187
1.47078
1.50790
1.40714
1.29328
1.41051
1.37666
1.52294
1.38072
1.46511
1.44077
1.44437
1.51026
1.21734
1.46397
1.42734
1.35051
1.43254
1.30923
1.41847
1.41867
1.34280
1.42772
1.49525
1.49964
1.48440
1.44635
1.39557
1.47314
1.34839
1.41343
1.43868
1.40445
1.44645
1.41728
1.44814
1.49475
1.42016
1.44767
1.42947
1.48931
1.45103
1.47510
1.51526
1.48073
1.42245
1.46183
1.43652
1.47787
1.47999
1.48319
1.46697
1.48144
1.48681
1.43296
1.50924
1.46830
1.47869
1.45843
1.48557
1.47406
1.46475
1.39281
1.43842
1.37809
1.45833
1.39732
1.41479
1.41844
1.39562
1.40932
1.42599
1.45375
1.43982
1.45388
1.40818
1.47359
1.43009
1.40217
1.41182
1.45696
1.41950
1.41818
1.43004
1.43738
1.51555
1.45572
1.48790
1.47938
1.49853
1.44046
1.51374
1.48070
1.42557
1.50399
1.26463
1.41767
1.29912
1.45614
1.40817
1.38088
1.44228
1.47901
1.40832
1.44604
1.42533
1.43666
1.46578
1.37193
1.17370
1.44520
1.41631
1.23473
1.27317
1.26339
1.49898
1.49863
1.50354
1.47410
1.46005
1.40509
1.43446
1.50338
1.41643
1.46776
1.18507
1.51134
1.22591
1.48030
1.38753
1.46691
1.48541
1.45893
1.45508
1.43468
1.50228
1.43771
1.47236
1.38970
1.42183
1.42729
1.26410
1.46205
1.32719
1.41252
1.38483
1.50652
1.53081
1.38602
1.50836
1.45733
1.50704
1.47169
1.52767
1.49439
1.49529
1.48860
1.29408
1.42943
1.37085
1.41933
1.47722
1.39687
1.53066
1.45638
1.46874
1.52006
1.45287
1.30636
1.42229
1.43090
1.28566
1.35681
1.46198
1.42064
1.40783
1.45790
1.37821
1.51321
1.46654
1.49714
1.38897
1.43013
1.46097
1.35653
1.38520
1.46507
1.41574
1.44753
1.38852
1.43200
1.38428
1.44995
1.48053
1.40441
1.47199
1.41886
1.42235
1.45438
1.48402
1.50750
1.41055
1.45528
1.42613
1.44301
1.46148
1.45143
1.44380
1.47813
1.48149
1.50231
1.49276
1.45289
1.50704
1.45072
1.48260
1.47353
1.47522
1.35673
1.43647
1.41906
1.38995
1.43260
1.40592
1.43731
1.40028
1.39261
1.43245
1.48488
1.42001
1.43531
1.42678
1.42469
1.39516
1.40489
1.38500
1.42625
1.44558
1.38869
1.39899
1.41580
1.53273
1.43795
1.48784
1.46391
1.49794
1.44889
1.42100
1.46598
1.44737
1.45955
1.26258
1.46085
1.32270
1.40632
1.48327
1.46211
1.46763
1.46759
1.40971
1.44625
1.41845
1.41399
1.45634
1.35388
1.15279
1.44142
1.22769
1.39791
1.25540
1.25216
