0.00250
0.00328
-0.00012
0.00086
-0.00149
-0.00031
-0.00167
0.00081
0.00066
0.00675
0.00363
0.00608
0.00178
0.00437
0.00117
0.00159
0.00085
0.00212
0.00243
0.00124
0.00167
0.00236
0.00126
0.00383
0.00137
0.00618
0.00265
0.00328
0.00281
0.00036
-0.00016
0.00231
0.00015
0.00041
0.00410
0.00071
0.00338
0.00099
-0.00006
0.00082
0.00675
0.00327
0.00287
0.00219
0.00080
-0.00311
0.00272
-0.00119
0.00103
0.00074
0.00447
0.00347
0.00600
0.00491
0.00289
0.00474
0.00526
0.00596
0.00609
0.00483
-0.00080
0.00039
-0.00117
0.00142
0.00160
0.00089
0.00468
0.00297
0.00396
-0.00020
-0.00058
0.00067
0.00121
-0.00194
0.00171
-0.00178
0.00155
-0.00145
0.00019
0.00050
0.00031
-0.00372
0.00132
-0.00109
0.00168
-0.00139
-0.00118
-0.00026
-0.00199
-0.00162
-0.00035
0.00054
0.00000
0.00078
-0.00005
-0.00049
0.00109
0.00008
0.00098
0.00395
-0.00020
0.00688
-0.00049
0.00485
0.00219
0.00113
-0.00014
0.00234
0.00163
-0.00071
0.00179
-0.00253
0.00181
-0.00029
0.00136
-0.00051
0.00257
-0.00015
0.00132
0.00005
0.00063
-0.00069
0.00087
0.00091
-0.00002
0.00023
0.00183
-0.00142
0.00148
0.00098
0.00100
0.00328
0.00429
0.00501
0.00451
0.00467
0.00551
0.00600
0.00105
0.00183
0.00206
0.00147
0.00175
0.00103
0.00157
0.00452
0.00079
0.00378
0.00104
0.00200
0.00127
0.00152
0.00311
0.00317
0.00020
0.00172
-0.00112
0.00118
0.00049
0.00274
0.00273
0.00180
0.00493
0.00160
0.00597
0.00203
0.00548
0.00257
0.00177
0.00307
0.00248
0.00260
0.00213
0.00216
0.00260
0.00147
0.00064
0.00224
0.00530
0.00063
0.00769
0.00296
0.00652
0.00123
0.00051
-0.00034
0.00171
0.00226
0.00247
0.00153
0.00133
0.00078
0.00111
0.00204
0.00569
0.00555
0.00520
0.00711
0.00072
0.00033
0.00209
-0.00060
0.00016
0.00083
0.00266
0.00736
0.00555
0.00452
0.00564
0.00630
0.00241
0.00518
0.00724
0.00307
0.00352
-0.00012
0.00028
-0.00077
0.00170
0.00338
0.00183
0.00522
0.00448
0.00246
0.00344
0.00126
0.00199
0.00050
0.00332
0.00348
-0.00085
0.00447
-0.00045
0.00167
0.00068
0.00151
0.00016
-0.00038
0.00312
0.00133
0.00352
0.00016
0.00250
-0.00056
0.00123
-0.00078
-0.00064
-0.00002
0.00152
-0.00094
0.00134
0.00045
0.00033
0.00151
-0.00067
0.00583
0.00516
0.00206
0.00381
0.00370
0.00344
0.00331
0.00357
0.00253
0.00204
-0.00045
0.00143
-0.00053
0.00224
0.00028
0.00275
0.00120
0.00334
0.00056
0.00055
0.00117
0.00350
0.00229
0.00201
-0.00148
0.00342
0.00132
0.00040
-0.00089
0.00065
0.00141
-0.00172
0.00043
0.00380
0.00404
0.00434
0.00592
0.00416
0.00427
0.00183
0.00290
0.00101
0.00296
0.00263
0.00101
0.00334
0.00437
0.00526
0.00448
0.00321
0.00106
0.00042
0.00160
