0.00098
-0.00053
0.00013
-0.00009
-0.00251
-0.00060
-0.00054
-0.00137
-0.00015
0.00248
0.00066
0.00152
0.00115
0.00123
-0.00012
-0.00043
-0.00035
-0.00031
-0.00074
-0.00001
-0.00111
-0.00071
-0.00154
0.00169
-0.00063
0.00193
0.00064
0.00190
0.00123
-0.00062
-0.00032
-0.00088
-0.00061
-0.00042
-0.00015
-0.00148
-0.00023
0.00024
-0.00087
-0.00040
0.00493
0.00225
0.00360
0.00155
-0.00003
-0.00143
-0.00097
-0.00175
-0.00107
-0.00125
0.00176
0.00115
0.00312
0.00198
-0.00006
0.00131
0.00133
0.00211
0.00132
0.00065
-0.00105
-0.00087
-0.00101
0.00014
0.00037
-0.00037
0.00289
0.00160
0.00184
-0.00160
-0.00101
-0.00249
0.00027
-0.00243
0.00052
-0.00205
-0.00016
-0.00276
-0.00051
-0.00173
0.00053
-0.00106
-0.00008
-0.00049
0.00091
-0.00043
-0.00047
0.00008
-0.00127
-0.00053
-0.00054
-0.00300
-0.00088
-0.00173
-0.00157
-0.00301
-0.00135
-0.00117
0.00107
0.00175
-0.00025
0.00287
-0.00046
0.00156
-0.00022
-0.00001
0.00016
0.00044
-0.00043
-0.00158
-0.00019
-0.00160
-0.00094
-0.00160
-0.00009
-0.00201
-0.00039
-0.00054
-0.00115
-0.00206
0.00006
-0.00397
0.00014
-0.00299
-0.00267
-0.00213
-0.00093
-0.00311
-0.00041
-0.00216
-0.00149
0.00172
0.00102
0.00120
0.00139
0.00193
0.00177
0.00124
-0.00181
0.00038
-0.00009
0.00019
-0.00084
-0.00103
-0.00105
0.00114
-0.00027
0.00214
-0.00014
0.00056
-0.00149
-0.00034
0.00116
0.00093
0.00079
-0.00100
-0.00206
-0.00111
-0.00121
-0.00045
0.00005
-0.00028
0.00133
-0.00020
0.00195
0.00020
0.00189
0.00042
0.00108
-0.00048
0.00002
0.00010
-0.00025
-0.00070
0.00004
0.00025
-0.00079
0.00024
0.00154
0.00025
0.00217
0.00141
0.00280
0.00021
0.00065
-0.00181
0.00057
0.00025
-0.00092
-0.00013
0.00026
-0.00039
0.00048
0.00027
0.00314
0.00264
0.00370
0.00346
-0.00169
-0.00213
-0.00023
-0.00030
-0.00162
-0.00045
0.00056
0.00272
0.00228
0.00181
0.00071
0.00187
0.00082
0.00184
0.00179
0.00012
0.00012
-0.00220
-0.00008
-0.00175
0.00033
0.00087
-0.00006
0.00219
0.00156
0.00091
0.00105
-0.00190
-0.00100
-0.00080
-0.00162
0.00043
-0.00305
0.00037
-0.00160
-0.00079
-0.00201
-0.00004
-0.00165
-0.00027
0.00037
-0.00008
0.00090
-0.00118
0.00067
-0.00035
-0.00059
-0.00126
-0.00175
-0.00016
-0.00081
-0.00300
-0.00057
-0.00174
-0.00124
-0.00030
0.00004
0.00328
0.00244
-0.00061
0.00149
-0.00022
0.00002
0.00161
-0.00069
0.00028
-0.00022
-0.00160
-0.00110
-0.00208
-0.00024
-0.00200
-0.00161
-0.00165
-0.00091
-0.00206
-0.00089
-0.00201
-0.00055
-0.00084
-0.00039
-0.00286
-0.00051
-0.00173
-0.00076
-0.00263
-0.00231
-0.00099
-0.00254
-0.00212
-0.00080
0.00130
0.00122
0.00276
0.00162
0.00176
-0.00073
0.00140
-0.00086
0.00076
0.00051
-0.00061
0.00089
0.00003
0.00027
0.00201
-0.00033
-0.00035
-0.00189
-0.00161
