0.00432
0.00513
-0.00011
0.00548
0.00022
0.00026
0.00087
0.00269
0.00280
0.00627
0.00295
0.00493
0.00279
0.00591
0.00323
0.00355
0.00145
0.00231
0.00480
0.00118
0.00456
0.00456
0.00119
0.00494
0.00207
0.00874
0.00361
0.00683
0.00499
0.00207
0.00054
0.00443
-0.00101
0.00259
0.00635
0.00183
0.00577
0.00254
0.00294
0.00370
0.00693
0.00473
0.00388
0.00352
0.00212
-0.00229
0.00305
0.00059
0.00130
0.00140
0.00582
0.00623
0.00769
0.00792
0.00435
0.00757
0.00818
0.00845
0.00676
0.00552
0.00120
-0.00055
-0.00135
0.00345
0.00257
0.00231
0.00749
0.00510
0.00606
0.00047
0.00029
-0.00025
0.00297
0.00005
0.00370
-0.00035
0.00472
0.00181
0.00078
0.00183
-0.00056
-0.00370
0.00406
-0.00226
0.00349
-0.00184
-0.00296
0.00002
-0.00048
-0.00085
-0.00072
0.00293
0.00149
0.00339
0.00179
0.00365
0.00375
-0.00048
0.00473
0.00820
0.00136
0.00591
0.00293
0.00615
0.00604
0.00353
0.00239
0.00450
0.00425
-0.00005
0.00296
-0.00263
0.00352
0.00039
0.00441
-0.00029
0.00512
0.00110
0.00226
0.00120
0.00285
0.00221
0.00413
0.00147
0.00252
0.00133
0.00282
0.00157
0.00237
0.00307
0.00428
0.00418
0.00679
0.00825
0.00852
0.00830
0.00918
0.00773
0.00277
0.00313
0.00579
0.00517
0.00454
0.00154
0.00203
0.00556
0.00224
0.00522
0.00188
0.00395
0.00334
0.00361
0.00316
0.00306
0.00115
0.00047
0.00027
0.00370
0.00155
0.00453
0.00568
0.00304
0.00544
0.00187
0.00567
0.00370
0.00668
0.00381
0.00368
0.00393
0.00441
0.00286
0.00326
0.00307
0.00521
0.00365
0.00200
0.00390
0.00717
0.00271
0.00782
0.00461
0.00795
0.00198
0.00222
0.00354
0.00281
0.00546
0.00231
0.00411
0.00217
0.00384
0.00423
0.00478
0.00598
0.00666
0.00686
0.00869
0.00120
0.00030
0.00214
0.00044
0.00071
0.00130
0.00393
0.00836
0.00703
0.00761
0.00947
0.00829
0.00628
0.00739
0.00893
0.00499
0.00696
-0.00092
-0.00010
0.00065
0.00157
0.00746
0.00144
0.00778
0.00627
0.00388
0.00670
0.00104
0.00198
-0.00092
0.00138
0.00534
0.00221
0.00710
0.00143
0.00490
0.00159
0.00208
0.00017
-0.00028
0.00385
0.00118
0.00428
-0.00059
0.00445
-0.00114
0.00213
-0.00116
-0.00172
0.00050
0.00404
0.00071
0.00271
0.00198
0.00253
0.00207
-0.00051
0.00743
0.00654
0.00234
0.00592
0.00631
0.00419
0.00558
0.00671
0.00539
0.00303
-0.00048
0.00430
0.00001
0.00498
0.00158
0.00402
0.00289
0.00497
0.00200
0.00241
0.00257
0.00487
0.00457
0.00361
-0.00018
0.00460
0.00308
0.00343
-0.00009
0.00162
0.00333
0.00173
0.00151
0.00690
0.00527
0.00747
0.00945
0.00747
0.00775
0.00421
0.00377
0.00290
0.00563
0.00422
0.00301
0.00659
0.00590
0.00834
0.00588
0.00480
0.00303
0.00324
0.00334
