1.69360
1.69925
1.75986
1.64521
1.66296
1.70698
1.62142
1.64829
1.60172
1.25571
1.59951
1.38129
1.69387
1.56385
1.65171
1.61144
1.63936
1.67872
1.60831
1.68910
1.55361
1.60220
1.63515
1.39498
1.63005
1.51040
1.59271
1.56423
1.55364
1.67384
1.73244
1.67804
1.70038
1.61762
1.63971
1.49898
1.64333
1.73414
1.64594
1.67573
1.59985
1.42181
1.60413
1.56328
1.69325
1.51678
1.56921
1.57462
1.57873
1.68122
1.31868
1.63928
1.59711
1.50695
1.57134
1.47263
1.57642
1.59479
1.43759
1.52723
1.66213
1.69004
1.65963
1.62053
1.57027
1.67805
1.50604
1.58192
1.64760
1.57182
1.59500
1.59243
1.61223
1.67239
1.59025
1.64204
1.61591
1.67868
1.63768
1.66604
1.74757
1.64511
1.60210
1.61730
1.62980
1.66466
1.66954
1.67941
1.65529
1.66812
1.66580
1.60420
1.69222
1.63816
1.64292
1.62528
1.68574
1.64488
1.66995
1.55550
1.63079
1.53773
1.63963
1.56887
1.60238
1.59124
1.55299
1.58626
1.59070
1.64334
1.63188
1.64309
1.59847
1.67195
1.62953
1.57474
1.61100
1.65547
1.62018
1.61519
1.62504
1.60289
1.69032
1.63587
1.68127
1.67587
1.65558
1.60217
1.71661
1.66749
1.57160
1.71748
1.41500
1.55587
1.44317
1.63452
1.56756
1.55802
1.62819
1.66892
1.57087
1.61095
1.57175
1.62625
1.67455
1.50157
1.28340
1.60656
1.59441
1.32360
1.38231
1.37252
1.70932
1.69193
1.72584
1.70152
1.64501
1.57523
1.63402
1.68582
1.56962
1.62461
1.27749
1.69760
1.35096
1.64646
1.53530
1.62744
1.67372
1.62162
1.62948
1.59734
1.69230
1.63445
1.64720
1.52973
1.58403
1.58130
1.41355
1.62843
1.49080
1.57350
1.55555
1.67105
1.72435
1.50939
1.69712
1.61172
1.68808
1.62352
1.72492
1.67622
1.66293
1.63477
1.42826
1.61562
1.55454
1.61564
1.59334
1.53148
1.68975
1.59556
1.61876
1.69325
1.63273
1.43058
1.58168
1.59926
1.44232
1.52253
1.61447
1.57883
1.58958
1.55430
1.47662
1.72111
1.63630
1.67483
1.56610
1.59617
1.67221
1.51894
1.55216
1.68141
1.58964
1.58838
1.55885
1.58208
1.56422
1.63727
1.65698
1.57209
1.64201
1.58629
1.62531
1.64468
1.68465
1.72362
1.59644
1.60129
1.62455
1.62895
1.64798
1.60505
1.61351
1.66262
1.69424
1.67959
1.67345
1.63099
1.70937
1.61197
1.65017
1.65577
1.65537
1.49398
1.63554
1.61237
1.55487
1.60530
1.58036
1.62515
1.57810
1.55241
1.63449
1.70088
1.58245
1.61799
1.62233
1.61275
1.58608
1.57903
1.57706
1.62811
1.66054
1.56890
1.59819
1.61504
1.73007
1.60297
1.64285
1.61519
1.70545
1.63035
1.57296
1.66141
1.61278
1.64017
1.41111
1.62789
1.46254
1.56679
1.67007
1.66291
1.67902
1.65337
1.57549
1.62332
1.56384
1.57560
1.65666
1.48078
1.25391
1.60216
1.32725
1.56431
1.35165
1.35788
