0.95612
0.96542
0.99092
0.95836
0.99989
0.98065
0.98195
1.06890
1.04804
0.88066
0.97171
0.87125
1.02654
0.94859
0.99773
0.97216
1.01342
0.96391
0.98965
0.99691
0.96926
0.96937
0.96455
0.85848
0.95698
0.90785
0.93487
0.93306
0.92915
1.03448
1.02514
1.07841
1.01460
1.07055
1.03024
1.05149
1.04144
1.06601
1.06766
1.05753
0.94600
0.94720
0.96143
0.93460
1.04034
1.04418
1.01838
1.05318
1.04168
1.05910
0.93259
0.97413
0.98410
0.87964
0.95522
0.86226
0.91780
0.90580
0.94666
0.99902
1.08582
1.04706
1.08376
0.95642
0.91546
0.95598
0.91117
0.94088
0.93619
1.04374
1.05693
1.07525
0.96351
1.09351
0.97371
1.08496
1.03381
1.05496
1.04993
0.96768
1.01457
1.12338
0.92852
1.13231
0.95634
1.06522
1.06691
1.00880
1.01545
1.04072
1.00042
0.98786
1.03496
0.97262
1.03106
0.99263
0.98790
1.00043
0.95815
0.93098
0.94732
0.93449
0.96723
0.93940
0.94044
0.95113
0.93932
0.94210
0.93893
1.01236
0.93321
1.00235
0.91426
1.00022
0.93521
0.96623
0.93135
0.97298
0.94560
0.95428
0.94842
1.01414
1.07719
1.02090
1.01479
1.01581
1.08010
0.99617
1.03649
1.02218
1.00216
1.01072
0.86844
0.96536
0.87628
0.95998
0.95338
0.91965
0.96816
0.97559
0.93691
0.94534
0.94256
0.94244
0.95980
0.95370
0.85784
1.04461
0.99658
0.98515
0.97024
0.97280
0.95794
0.96713
0.98242
0.97150
0.99640
0.95553
0.97044
1.07895
1.05273
1.07130
0.88138
1.03698
0.86978
1.01058
0.95624
1.00155
0.96733
1.00536
0.95215
0.98861
1.00469
0.96921
0.97287
0.94537
0.97605
0.94698
0.85822
0.97833
0.89109
0.95487
0.94027
1.05393
1.03966
1.06044
1.02901
1.07274
1.07549
1.02446
1.05171
1.06149
1.07863
1.04303
0.92578
0.96054
0.92767
0.95936
1.04358
1.05583
1.04887
1.06517
1.06421
1.06138
0.95000
0.94024
0.96516
0.92187
0.86182
0.87490
0.97167
0.92478
0.89812
1.02253
0.97434
1.04340
1.08033
1.09091
0.91030
0.95260
0.94696
0.91830
0.92532
0.94350
0.94306
1.06748
1.04182
1.05751
1.07066
0.95816
1.09548
0.98604
1.07549
1.00886
1.06945
1.04907
0.99255
0.99246
0.92478
1.13061
0.94732
1.04091
1.02012
1.11496
1.01366
1.07859
1.02010
1.01206
1.00702
0.99948
1.06068
0.99770
1.03459
0.98033
0.98526
0.91787
0.93997
0.93908
0.93360
0.95564
0.93692
0.94874
0.93521
0.94018
0.93970
0.98282
0.92350
1.00539
0.91931
0.98628
0.91105
0.97534
0.91847
0.95961
0.93894
0.94493
0.93742
0.94385
1.07884
1.01767
1.06956
1.04171
1.02055
1.01317
1.00331
1.00494
1.01018
1.01867
0.85895
0.98649
0.88970
0.93292
0.99481
0.96490
0.96865
0.98036
0.95326
0.94871
0.93573
0.93672
0.94980
0.93631
0.86851
1.04953
0.94980
0.98807
0.96960
0.97319
