-0.00007
-0.00191
-0.00019
-0.00171
-0.00474
-0.00174
-0.00256
-0.00250
-0.00121
0.00157
0.00021
0.00136
0.00029
0.00088
-0.00073
-0.00194
-0.00183
-0.00159
-0.00263
-0.00116
-0.00259
-0.00227
-0.00311
0.00130
-0.00159
0.00155
-0.00020
0.00146
0.00084
-0.00143
-0.00116
-0.00277
-0.00183
-0.00073
-0.00160
-0.00195
-0.00093
-0.00045
-0.00070
-0.00079
0.00393
0.00197
0.00342
0.00087
-0.00060
-0.00198
-0.00180
-0.00265
-0.00197
-0.00203
0.00113
0.00023
0.00271
0.00110
-0.00089
0.00030
0.00040
0.00131
0.00098
0.00002
-0.00296
-0.00236
-0.00253
-0.00140
-0.00073
-0.00159
0.00180
0.00108
0.00092
-0.00256
-0.00211
-0.00431
-0.00063
-0.00435
-0.00040
-0.00340
-0.00131
-0.00488
-0.00200
-0.00300
0.00020
-0.00264
-0.00088
-0.00312
-0.00007
-0.00359
-0.00338
-0.00143
-0.00297
-0.00212
-0.00114
-0.00465
-0.00207
-0.00379
-0.00333
-0.00520
-0.00262
-0.00168
0.00061
0.00078
-0.00177
0.00180
-0.00155
0.00051
-0.00140
-0.00110
-0.00115
-0.00090
-0.00206
-0.00376
-0.00116
-0.00427
-0.00332
-0.00341
-0.00176
-0.00487
-0.00216
-0.00182
-0.00357
-0.00478
-0.00131
-0.00658
-0.00075
-0.00496
-0.00487
-0.00400
-0.00267
-0.00512
-0.00230
-0.00452
-0.00381
0.00054
-0.00009
-0.00047
0.00022
0.00026
0.00126
0.00007
-0.00348
-0.00108
-0.00153
-0.00053
-0.00226
-0.00199
-0.00269
0.00032
-0.00129
0.00127
-0.00092
-0.00006
-0.00233
-0.00138
-0.00002
-0.00013
0.00051
-0.00179
-0.00415
-0.00293
-0.00278
-0.00214
-0.00086
-0.00148
0.00057
-0.00056
0.00147
-0.00036
0.00169
0.00008
0.00037
-0.00213
-0.00091
-0.00126
-0.00145
-0.00234
-0.00099
-0.00065
-0.00214
-0.00063
0.00085
-0.00049
0.00126
0.00087
0.00223
-0.00068
0.00045
-0.00191
0.00006
0.00068
-0.00250
-0.00044
-0.00040
-0.00114
0.00008
0.00036
0.00270
0.00195
0.00313
0.00279
-0.00266
-0.00308
-0.00075
-0.00116
-0.00192
-0.00131
-0.00032
0.00239
0.00162
0.00083
-0.00021
0.00095
-0.00008
0.00134
0.00079
-0.00037
-0.00024
-0.00403
-0.00243
-0.00319
-0.00049
-0.00070
-0.00111
0.00098
0.00060
0.00015
0.00015
-0.00307
-0.00185
-0.00229
-0.00330
-0.00074
-0.00547
-0.00014
-0.00393
-0.00190
-0.00336
-0.00149
-0.00263
-0.00103
-0.00023
-0.00245
-0.00058
-0.00423
-0.00066
-0.00270
-0.00251
-0.00303
-0.00394
-0.00061
-0.00193
-0.00486
-0.00157
-0.00292
-0.00300
-0.00128
-0.00049
0.00199
0.00167
-0.00208
0.00038
-0.00168
-0.00129
0.00079
-0.00198
-0.00070
-0.00142
-0.00340
-0.00228
-0.00514
-0.00155
-0.00539
-0.00353
-0.00340
-0.00293
-0.00459
-0.00191
-0.00418
-0.00208
-0.00240
-0.00152
-0.00476
-0.00182
-0.00372
-0.00219
-0.00449
-0.00422
-0.00289
-0.00452
-0.00422
-0.00172
0.00021
0.00034
0.00223
0.00008
0.00060
-0.00212
0.00001
-0.00254
-0.00037
-0.00065
-0.00201
-0.00045
-0.00140
-0.00031
0.00032
-0.00129
-0.00121
-0.00292
-0.00254
