0.00296
0.00285
0.00112
0.00265
0.00273
0.00193
0.00289
0.00110
0.00202
0.00343
0.00213
0.00189
0.00215
0.00216
0.00164
0.00206
0.00200
0.00224
0.00266
0.00198
0.00154
0.00226
0.00168
0.00204
0.00160
0.00351
0.00221
0.00326
0.00240
0.00136
0.00146
0.00249
0.00174
0.00129
0.00212
0.00037
0.00199
0.00175
-0.00005
0.00132
0.00709
0.00267
0.00481
0.00283
0.00147
-0.00037
0.00100
-0.00002
0.00069
0.00085
0.00329
0.00319
0.00441
0.00324
0.00180
0.00277
0.00260
0.00368
0.00227
0.00159
0.00149
0.00267
0.00223
0.00354
0.00228
0.00266
0.00513
0.00364
0.00354
0.00021
0.00059
0.00100
0.00202
0.00066
0.00275
0.00078
0.00222
0.00066
0.00232
0.00102
0.00177
0.00200
0.00162
0.00357
0.00262
0.00376
0.00326
0.00356
0.00160
0.00303
0.00117
0.00011
0.00196
0.00144
0.00165
0.00078
0.00138
-0.00010
0.00283
0.00409
0.00218
0.00504
0.00215
0.00381
0.00260
0.00262
0.00228
0.00269
0.00236
0.00253
0.00201
0.00298
0.00295
0.00207
0.00238
0.00283
0.00303
0.00146
0.00286
0.00266
0.00227
0.00002
0.00189
0.00072
0.00118
0.00182
0.00222
0.00061
0.00218
0.00208
0.00262
0.00375
0.00297
0.00364
0.00333
0.00423
0.00320
0.00304
0.00177
0.00253
0.00210
0.00195
0.00133
0.00136
0.00189
0.00321
0.00062
0.00413
0.00106
0.00061
0.00013
0.00083
0.00333
0.00340
0.00099
0.00196
0.00226
0.00307
0.00244
0.00248
0.00183
0.00166
0.00247
0.00149
0.00258
0.00158
0.00265
0.00169
0.00260
0.00271
0.00236
0.00316
0.00245
0.00252
0.00261
0.00274
0.00260
0.00294
0.00274
0.00161
0.00427
0.00309
0.00430
0.00204
0.00197
0.00017
0.00195
0.00113
0.00284
0.00176
0.00172
0.00129
0.00155
0.00182
0.00482
0.00455
0.00499
0.00526
0.00039
0.00014
0.00128
0.00083
0.00008
0.00168
0.00299
0.00399
0.00407
0.00382
0.00235
0.00385
0.00279
0.00314
0.00382
0.00180
0.00099
0.00118
0.00334
0.00110
0.00241
0.00366
0.00252
0.00411
0.00372
0.00285
0.00370
0.00089
0.00074
0.00159
0.00187
0.00238
0.00026
0.00274
0.00200
0.00191
0.00137
0.00287
0.00087
0.00149
0.00255
0.00357
0.00362
0.00404
0.00405
0.00363
0.00426
0.00242
0.00240
0.00147
0.00211
0.00007
0.00160
0.00087
0.00198
0.00182
0.00100
0.00515
0.00458
0.00226
0.00350
0.00321
0.00286
0.00371
0.00205
0.00245
0.00233
0.00160
0.00192
0.00278
0.00166
0.00288
0.00214
0.00233
0.00245
0.00241
0.00123
0.00228
0.00229
0.00202
0.00212
0.00047
0.00329
0.00189
0.00220
0.00101
0.00149
0.00227
0.00120
0.00198
0.00133
0.00389
0.00264
0.00400
0.00467
0.00357
0.00238
0.00295
0.00229
0.00311
0.00299
0.00205
0.00320
0.00331
0.00170
0.00534
0.00033
0.00106
-0.00039
0.00007
