1.37390
1.37245
1.40473
1.33221
1.36525
1.36793
1.33454
1.38043
1.33673
1.11645
1.34729
1.16101
1.39792
1.30551
1.38024
1.32461
1.36689
1.35938
1.34132
1.38210
1.31151
1.34006
1.33891
1.16861
1.34651
1.25083
1.31566
1.29104
1.29456
1.39937
1.40920
1.40723
1.39306
1.36225
1.38058
1.28862
1.37466
1.40705
1.36382
1.40082
1.30267
1.22163
1.30691
1.28201
1.40588
1.29914
1.37006
1.34790
1.34863
1.40234
1.15636
1.35303
1.32424
1.25040
1.33251
1.21077
1.31405
1.30682
1.26535
1.34348
1.40045
1.39984
1.39267
1.33998
1.29485
1.35722
1.25401
1.31196
1.31950
1.29853
1.34429
1.32622
1.34618
1.39578
1.31936
1.35138
1.32094
1.38555
1.34843
1.36267
1.39627
1.39543
1.31618
1.38414
1.33400
1.38363
1.38336
1.37602
1.36259
1.38114
1.37789
1.32420
1.39681
1.35408
1.37567
1.34965
1.36394
1.38113
1.34096
1.28169
1.32533
1.28043
1.34909
1.29188
1.30240
1.30916
1.29353
1.29972
1.31881
1.35496
1.32845
1.35655
1.30059
1.36905
1.32315
1.30794
1.30538
1.35116
1.31503
1.31688
1.32952
1.33364
1.40585
1.34979
1.37041
1.36160
1.40513
1.33725
1.39187
1.36726
1.32767
1.38231
1.18488
1.32837
1.20466
1.34499
1.30648
1.27485
1.32962
1.36617
1.30177
1.33727
1.32112
1.32316
1.34289
1.28875
1.11562
1.35690
1.31953
1.19413
1.21520
1.21186
1.37473
1.37806
1.38402
1.35518
1.36063
1.30941
1.33056
1.40043
1.32737
1.37106
1.12932
1.40172
1.14829
1.37716
1.29418
1.36517
1.36585
1.35725
1.33982
1.33337
1.38228
1.32155
1.35045
1.29659
1.31889
1.32249
1.17486
1.35250
1.23236
1.31130
1.28345
1.40791
1.41649
1.30670
1.38937
1.36311
1.39677
1.37588
1.40604
1.38359
1.39320
1.39285
1.21774
1.32372
1.27790
1.30697
1.38084
1.31530
1.41965
1.36186
1.37136
1.41352
1.33673
1.22998
1.32094
1.32532
1.19651
1.25363
1.35591
1.31434
1.29703
1.36536
1.29553
1.39473
1.38417
1.40264
1.29054
1.32898
1.34382
1.26005
1.28309
1.34061
1.31288
1.34780
1.28824
1.32847
1.29802
1.33874
1.38285
1.30717
1.37706
1.31650
1.32771
1.34924
1.37495
1.38294
1.30504
1.37983
1.32212
1.35128
1.36307
1.37381
1.34905
1.37992
1.36730
1.39579
1.38144
1.34316
1.39075
1.34504
1.37838
1.35778
1.37748
1.26575
1.31458
1.30690
1.28325
1.32740
1.29665
1.32092
1.28922
1.28829
1.30962
1.36990
1.31251
1.34342
1.31407
1.32694
1.28884
1.31348
1.28434
1.31799
1.33329
1.29794
1.29690
1.31487
1.41649
1.33675
1.39424
1.36562
1.37533
1.34362
1.32536
1.34922
1.34295
1.34867
1.17605
1.35912
1.23044
1.30478
1.37914
1.34660
1.34216
1.35816
1.30661
1.33768
1.31707
1.30878
1.33621
1.27150
1.09999
1.35805
1.18140
1.30342
1.20481
1.20235
