0.00171
0.00108
0.00033
0.00120
-0.00019
0.00042
0.00111
-0.00042
0.00079
0.00303
0.00122
0.00157
0.00159
0.00163
0.00043
0.00071
0.00061
0.00089
0.00082
0.00091
0.00002
0.00070
-0.00011
0.00198
0.00045
0.00250
0.00121
0.00250
0.00163
0.00007
0.00031
0.00069
0.00046
0.00020
0.00085
-0.00077
0.00064
0.00076
-0.00073
0.00044
0.00579
0.00253
0.00393
0.00203
0.00048
-0.00112
-0.00023
-0.00094
-0.00039
-0.00032
0.00235
0.00177
0.00351
0.00251
0.00065
0.00199
0.00195
0.00270
0.00183
0.00094
0.00034
0.00084
0.00060
0.00173
0.00124
0.00064
0.00392
0.00239
0.00231
-0.00071
-0.00027
-0.00096
0.00092
-0.00114
0.00128
-0.00086
0.00072
-0.00133
0.00061
-0.00070
0.00103
0.00022
0.00064
0.00151
0.00163
0.00148
0.00158
0.00136
0.00008
0.00092
0.00001
-0.00175
0.00046
-0.00020
-0.00007
-0.00137
-0.00030
-0.00072
0.00182
0.00258
0.00085
0.00373
0.00062
0.00236
0.00093
0.00100
0.00110
0.00136
0.00071
0.00032
0.00060
0.00061
0.00084
-0.00008
0.00106
0.00039
0.00096
0.00043
0.00082
0.00028
0.00099
-0.00226
0.00082
-0.00139
-0.00101
-0.00054
0.00057
-0.00145
0.00079
-0.00037
0.00046
0.00276
0.00186
0.00240
0.00234
0.00299
0.00223
0.00209
-0.00018
0.00153
0.00086
0.00078
0.00000
-0.00019
0.00024
0.00199
0.00046
0.00286
0.00046
0.00086
-0.00062
0.00029
0.00225
0.00213
0.00084
-0.00008
-0.00015
0.00064
0.00014
0.00076
0.00072
0.00039
0.00197
0.00039
0.00222
0.00075
0.00212
0.00084
0.00171
0.00098
0.00084
0.00134
0.00079
0.00081
0.00105
0.00141
0.00067
0.00122
0.00219
0.00074
0.00303
0.00200
0.00328
0.00119
0.00102
-0.00148
0.00127
0.00029
0.00055
0.00038
0.00087
0.00025
0.00063
0.00073
0.00375
0.00315
0.00407
0.00404
-0.00092
-0.00123
0.00028
0.00024
-0.00118
0.00034
0.00161
0.00302
0.00298
0.00258
0.00133
0.00269
0.00153
0.00233
0.00250
0.00077
0.00041
-0.00072
0.00143
-0.00066
0.00109
0.00207
0.00087
0.00310
0.00259
0.00178
0.00197
-0.00058
-0.00018
0.00024
-0.00035
0.00134
-0.00172
0.00096
-0.00000
0.00018
-0.00071
0.00106
-0.00066
0.00046
0.00119
0.00167
0.00205
0.00130
0.00201
0.00169
0.00138
0.00010
0.00004
0.00056
0.00044
-0.00161
0.00016
-0.00060
0.00023
0.00060
0.00051
0.00420
0.00324
0.00061
0.00235
0.00112
0.00117
0.00237
0.00028
0.00118
0.00074
-0.00014
0.00019
0.00048
0.00060
0.00047
0.00025
0.00019
0.00048
-0.00017
-0.00015
-0.00001
0.00056
0.00044
0.00075
-0.00149
0.00088
0.00002
0.00060
-0.00096
-0.00057
0.00042
-0.00062
-0.00025
0.00014
0.00251
0.00173
0.00329
0.00286
0.00257
0.00062
0.00223
0.00061
0.00191
0.00153
0.00040
0.00201
0.00137
0.00073
0.00328
0.00027
0.00052
-0.00097
-0.00064
