0.86359
0.87521
0.89749
0.86610
0.90459
0.88695
0.89495
0.99122
0.97214
0.82895
0.88862
0.80752
0.93526
0.86846
0.90722
0.88925
0.92856
0.87319
0.90633
0.90678
0.89110
0.88498
0.87845
0.79439
0.86968
0.83517
0.85121
0.85486
0.84981
0.95779
0.94248
0.99415
0.92336
0.98810
0.94672
0.98570
0.95747
0.97560
0.98880
0.96677
0.86170
0.88156
0.87750
0.85335
0.95206
0.97515
0.94180
0.98250
0.97226
0.97401
0.87891
0.88626
0.90230
0.80254
0.87300
0.79024
0.83476
0.82274
0.87730
0.92557
1.00229
0.95392
0.99977
0.87143
0.83255
0.86432
0.83287
0.85881
0.84874
0.97698
0.98911
1.00795
0.88010
1.01604
0.89408
1.01112
0.96054
0.96988
0.97679
0.87986
0.93218
1.04483
0.84321
1.05809
0.87131
0.97711
0.98112
0.92031
0.92734
0.95430
0.91223
0.91022
0.94838
0.88934
0.94694
0.91033
0.90332
0.91169
0.87041
0.85186
0.85784
0.85384
0.87891
0.85689
0.85273
0.86642
0.85754
0.85696
0.85178
0.92213
0.84076
0.90996
0.82434
0.90696
0.84216
0.88000
0.84025
0.87837
0.85576
0.86597
0.85785
0.93414
0.99270
0.94283
0.92917
0.93033
0.99891
0.91639
0.94744
0.93613
0.92270
0.92461
0.79723
0.88541
0.80552
0.87056
0.87288
0.83879
0.88395
0.88507
0.85481
0.86093
0.86122
0.85996
0.87351
0.87809
0.80167
0.96633
0.91177
0.92700
0.90115
0.89949
0.86467
0.87488
0.88943
0.87898
0.90389
0.86905
0.88063
0.99782
0.97939
0.99664
0.82811
0.94690
0.80697
0.92399
0.88086
0.91775
0.87690
0.91876
0.86630
0.90516
0.91636
0.88659
0.88572
0.86447
0.89554
0.86320
0.79025
0.89179
0.81651
0.87473
0.85964
0.97909
0.95725
0.99381
0.94086
0.99120
0.99212
0.94019
0.96223
0.97610
0.99320
0.95772
0.85752
0.87639
0.84625
0.87619
0.96919
0.98768
0.96167
0.98993
0.99386
0.97547
0.85947
0.87444
0.88214
0.83398
0.79116
0.79664
0.88622
0.84053
0.81354
0.94347
0.90036
0.95313
0.99319
1.00436
0.82430
0.86565
0.85479
0.83846
0.84488
0.85173
0.85908
1.00138
0.97648
0.99049
1.00616
0.87059
1.01911
0.90965
0.99282
0.93267
0.99569
0.96970
0.90529
0.91280
0.83911
1.05560
0.86111
0.95652
0.93323
1.03789
0.92773
0.99526
0.92873
0.92266
0.92118
0.91975
0.97394
0.91412
0.95123
0.89638
0.89477
0.83992
0.85430
0.85047
0.85350
0.86995
0.85418
0.86183
0.85114
0.85901
0.85143
0.88236
0.83905
0.91627
0.82660
0.89739
0.82337
0.88850
0.83213
0.86944
0.83999
0.85748
0.84943
0.85057
0.98988
0.93909
0.98961
0.96254
0.93080
0.93517
0.92529
0.92041
0.92985
0.93794
0.79219
0.90280
0.81609
0.84996
0.90416
0.87476
0.87968
0.89111
0.86876
0.85962
0.85217
0.85306
0.86554
0.86082
0.81836
0.96596
0.89005
0.90295
0.90175
0.90608
