0.00262
0.00306
-0.00002
0.00114
-0.00178
-0.00093
-0.00248
0.00132
0.00142
0.00696
0.00368
0.00614
0.00149
0.00505
0.00193
0.00168
0.00076
0.00201
0.00293
0.00081
0.00213
0.00271
0.00063
0.00429
0.00099
0.00659
0.00308
0.00398
0.00343
0.00066
0.00005
0.00268
-0.00040
0.00124
0.00457
0.00118
0.00411
0.00171
0.00142
0.00227
0.00606
0.00342
0.00276
0.00266
0.00131
-0.00319
0.00307
-0.00033
0.00175
0.00104
0.00478
0.00437
0.00622
0.00556
0.00339
0.00545
0.00663
0.00668
0.00650
0.00588
-0.00035
-0.00066
-0.00190
0.00115
0.00147
0.00100
0.00511
0.00307
0.00433
0.00044
-0.00050
-0.00076
0.00173
-0.00176
0.00149
-0.00258
0.00143
-0.00092
-0.00114
0.00067
-0.00014
-0.00511
0.00148
-0.00239
0.00041
-0.00266
-0.00350
-0.00209
-0.00353
-0.00326
-0.00063
0.00032
0.00003
0.00127
-0.00024
0.00007
0.00103
0.00007
0.00149
0.00514
-0.00076
0.00639
-0.00026
0.00534
0.00369
0.00196
-0.00021
0.00266
0.00257
-0.00154
0.00203
-0.00338
0.00144
-0.00047
0.00168
-0.00106
0.00295
-0.00042
0.00073
-0.00068
0.00042
0.00009
0.00235
0.00029
0.00055
-0.00012
0.00168
-0.00130
0.00158
0.00097
0.00073
0.00212
0.00531
0.00506
0.00589
0.00548
0.00671
0.00628
0.00095
0.00144
0.00306
0.00222
0.00218
0.00015
0.00132
0.00492
0.00117
0.00378
0.00151
0.00259
0.00223
0.00247
0.00247
0.00278
0.00085
0.00094
-0.00155
0.00147
-0.00027
0.00274
0.00413
0.00191
0.00563
0.00111
0.00644
0.00266
0.00610
0.00325
0.00243
0.00297
0.00312
0.00225
0.00278
0.00166
0.00317
0.00187
0.00051
0.00196
0.00611
0.00087
0.00783
0.00307
0.00723
0.00104
0.00097
0.00130
0.00226
0.00380
0.00228
0.00252
0.00178
0.00165
0.00271
0.00328
0.00592
0.00582
0.00552
0.00781
0.00119
0.00047
0.00209
-0.00008
0.00002
0.00080
0.00375
0.00813
0.00674
0.00631
0.00668
0.00688
0.00311
0.00563
0.00826
0.00405
0.00452
-0.00055
-0.00061
-0.00070
0.00115
0.00402
0.00175
0.00618
0.00507
0.00213
0.00423
0.00111
0.00198
-0.00015
0.00198
0.00372
-0.00039
0.00522
-0.00067
0.00255
-0.00001
0.00092
0.00049
-0.00018
0.00303
0.00091
0.00307
-0.00122
0.00200
-0.00170
0.00034
-0.00224
-0.00250
-0.00007
0.00152
-0.00130
0.00141
0.00054
0.00031
0.00115
-0.00023
0.00674
0.00494
0.00159
0.00449
0.00395
0.00314
0.00386
0.00416
0.00337
0.00181
-0.00121
0.00216
-0.00163
0.00318
-0.00066
0.00304
0.00125
0.00354
0.00018
0.00126
0.00090
0.00337
0.00278
0.00242
-0.00168
0.00354
0.00202
0.00131
-0.00147
0.00019
0.00159
-0.00158
0.00005
0.00496
0.00407
0.00605
0.00658
0.00411
0.00548
0.00201
0.00276
0.00117
0.00295
0.00290
0.00114
0.00336
0.00469
0.00727
0.00460
0.00404
0.00202
0.00178
0.00225
