0.78109
0.78819
0.79056
0.77478
0.80595
0.79198
0.80474
0.87161
0.84092
0.77329
0.80362
0.74192
0.82555
0.78553
0.80836
0.79517
0.81671
0.78488
0.80371
0.80440
0.80081
0.79015
0.78691
0.73597
0.78150
0.76746
0.76937
0.77941
0.77371
0.87305
0.84538
0.86638
0.81249
0.85486
0.83951
0.87005
0.84375
0.83801
0.86123
0.84354
0.75892
0.80157
0.78092
0.77295
0.83103
0.85660
0.84180
0.86350
0.85695
0.85289
0.80948
0.77570
0.79294
0.74014
0.78732
0.73069
0.76230
0.75450
0.79671
0.83785
0.88120
0.84672
0.88553
0.78146
0.75615
0.77842
0.74295
0.76997
0.75719
0.85055
0.87580
0.88213
0.79248
0.88778
0.79998
0.88752
0.84457
0.85512
0.86293
0.78764
0.82577
0.93568
0.76654
0.95023
0.78725
0.87441
0.87896
0.82903
0.83443
0.85831
0.81752
0.80722
0.83458
0.79314
0.83205
0.80397
0.80461
0.81132
0.76772
0.75242
0.76353
0.75308
0.78246
0.75091
0.75407
0.75824
0.76255
0.75483
0.75069
0.82332
0.74644
0.80999
0.73341
0.80669
0.75332
0.79326
0.75014
0.78563
0.76760
0.77682
0.76918
0.82104
0.85508
0.83421
0.81976
0.81786
0.87770
0.81405
0.82316
0.81997
0.81569
0.82324
0.73552
0.80660
0.74187
0.78622
0.79278
0.76203
0.78816
0.79905
0.77141
0.78115
0.78315
0.77925
0.78265
0.77936
0.74985
0.86831
0.80983
0.85353
0.80950
0.80021
0.78513
0.79272
0.78062
0.78207
0.80446
0.78007
0.78663
0.87488
0.85613
0.87565
0.77004
0.83875
0.73737
0.82539
0.79804
0.82353
0.79118
0.81521
0.78158
0.80318
0.81479
0.78801
0.78823
0.78034
0.79604
0.78221
0.73249
0.80009
0.75033
0.78823
0.77974
0.89084
0.86097
0.88193
0.83169
0.86324
0.86181
0.83394
0.83443
0.85083
0.86059
0.84368
0.78069
0.77305
0.76780
0.77646
0.86450
0.87498
0.84637
0.87342
0.87899
0.85876
0.75542
0.79610
0.77818
0.76357
0.73523
0.73237
0.79714
0.76492
0.74613
0.85056
0.81018
0.83430
0.88917
0.88869
0.74835
0.77735
0.76898
0.74851
0.75449
0.76099
0.76962
0.89409
0.85344
0.87573
0.87563
0.77722
0.88537
0.80396
0.87135
0.82265
0.86170
0.84825
0.80392
0.81862
0.75786
0.95070
0.77569
0.85496
0.83479
0.93384
0.83361
0.88013
0.82443
0.82718
0.82251
0.81544
0.84806
0.81092
0.83530
0.79799
0.80543
0.74236
0.74799
0.75557
0.74922
0.77429
0.75079
0.76326
0.75031
0.75875
0.74666
0.78396
0.74701
0.81721
0.74058
0.79889
0.73498
0.79847
0.74532
0.77458
0.75360
0.77621
0.76043
0.76554
0.85688
0.82546
0.86816
0.84805
0.81074
0.82343
0.81859
0.80971
0.82003
0.82305
0.73554
0.81594
0.74784
0.77457
0.81299
0.78250
0.78118
0.80062
0.77583
0.77764
0.77236
0.76797
0.78014
0.76960
0.77036
0.86374
0.82080
0.80262
0.80879
0.81191
