1.55819
1.56922
1.76829
1.57565
1.61872
1.67995
1.55222
1.51139
1.45903
1.13096
1.44125
1.27578
1.58358
1.42264
1.49568
1.48770
1.49519
1.58676
1.47134
1.57009
1.37602
1.41742
1.48281
1.27437
1.45664
1.39300
1.44155
1.42124
1.38484
1.60571
1.67878
1.54047
1.57240
1.46457
1.48168
1.32659
1.50259
1.64279
1.48959
1.52817
1.57029
1.34218
1.56893
1.55887
1.54174
1.35538
1.29176
1.37366
1.36831
1.52594
1.20854
1.53637
1.43607
1.34210
1.36413
1.33778
1.40311
1.44866
1.26721
1.32924
1.59344
1.71429
1.68818
1.49716
1.48414
1.62068
1.37061
1.45327
1.58165
1.42834
1.46309
1.44960
1.49955
1.55183
1.43944
1.58655
1.48069
1.58127
1.52241
1.59168
1.74032
1.66743
1.50291
1.64409
1.54216
1.67890
1.68973
1.61423
1.59112
1.62145
1.60241
1.42855
1.61108
1.49004
1.48342
1.45478
1.57809
1.60620
1.55672
1.38140
1.51879
1.40401
1.50017
1.45230
1.49170
1.47183
1.38939
1.45620
1.46279
1.60842
1.57292
1.61305
1.51656
1.67869
1.60898
1.52088
1.56572
1.64948
1.58602
1.57598
1.61329
1.43826
1.56910
1.51303
1.57611
1.59085
1.51562
1.41748
1.65555
1.55110
1.37620
1.67349
1.31575
1.37036
1.25337
1.47834
1.39259
1.39120
1.49727
1.57352
1.39465
1.43183
1.35350
1.48488
1.60088
1.34746
1.19332
1.52705
1.60092
1.31742
1.34929
1.35708
1.64098
1.57782
1.70835
1.71792
1.58686
1.48574
1.58350
1.56917
1.40965
1.44811
1.17116
1.60352
1.23383
1.50721
1.39049
1.50677
1.56374
1.47524
1.47517
1.46831
1.60411
1.52637
1.49715
1.35810
1.43640
1.39995
1.28774
1.46421
1.37740
1.43507
1.45861
1.60117
1.66786
1.33886
1.57982
1.46222
1.57984
1.47469
1.63604
1.54909
1.53027
1.47730
1.32981
1.56002
1.52272
1.54985
1.34313
1.36425
1.51630
1.40849
1.48359
1.55742
1.52721
1.29209
1.44265
1.48157
1.31574
1.36050
1.41599
1.40422
1.45932
1.32550
1.30365
1.71940
1.66141
1.66020
1.49436
1.46816
1.63043
1.38427
1.40050
1.64621
1.46640
1.45185
1.42261
1.42118
1.46204
1.56211
1.53709
1.43964
1.54561
1.42103
1.58898
1.52745
1.66407
1.65740
1.50841
1.63252
1.56140
1.64695
1.59717
1.64873
1.54539
1.67127
1.71328
1.61673
1.55204
1.46218
1.67101
1.43776
1.49124
1.52238
1.63621
1.31240
1.53091
1.52060
1.38258
1.46467
1.44360
1.50268
1.44939
1.39462
1.52153
1.71334
1.42512
1.57584
1.54997
1.58122
1.50288
1.53428
1.51556
1.59609
1.66640
1.52754
1.55715
1.60391
1.67257
1.44622
1.49734
1.44090
1.64024
1.50615
1.40314
1.57655
1.43706
1.52611
1.26932
1.50741
1.26497
1.38815
1.57456
1.57584
1.59374
1.58627
1.42762
1.48091
1.36332
1.40352
1.54634
1.32114
1.19742
1.55569
1.31520
1.56936
1.30674
1.33997
