0.00241
0.00206
0.00070
0.00205
0.00161
0.00123
0.00216
0.00049
0.00154
0.00340
0.00170
0.00151
0.00194
0.00192
0.00110
0.00152
0.00146
0.00166
0.00194
0.00151
0.00078
0.00157
0.00097
0.00201
0.00104
0.00299
0.00180
0.00291
0.00207
0.00079
0.00091
0.00165
0.00122
0.00092
0.00154
-0.00011
0.00134
0.00123
-0.00043
0.00096
0.00652
0.00260
0.00435
0.00252
0.00095
-0.00061
0.00035
-0.00050
0.00015
0.00023
0.00289
0.00248
0.00389
0.00297
0.00126
0.00238
0.00232
0.00316
0.00217
0.00110
0.00097
0.00195
0.00161
0.00296
0.00190
0.00172
0.00457
0.00303
0.00292
-0.00018
0.00025
0.00006
0.00156
-0.00009
0.00205
0.00016
0.00152
-0.00038
0.00166
0.00024
0.00151
0.00136
0.00121
0.00288
0.00214
0.00300
0.00261
0.00260
0.00097
0.00220
0.00063
-0.00077
0.00135
0.00081
0.00086
-0.00020
0.00066
-0.00036
0.00237
0.00345
0.00155
0.00444
0.00136
0.00301
0.00179
0.00184
0.00177
0.00205
0.00163
0.00169
0.00137
0.00222
0.00202
0.00124
0.00180
0.00194
0.00214
0.00100
0.00205
0.00173
0.00162
-0.00088
0.00137
-0.00003
0.00020
0.00090
0.00161
-0.00021
0.00158
0.00108
0.00186
0.00338
0.00249
0.00304
0.00295
0.00374
0.00277
0.00258
0.00093
0.00215
0.00152
0.00136
0.00078
0.00068
0.00114
0.00268
0.00056
0.00349
0.00081
0.00081
-0.00013
0.00060
0.00283
0.00298
0.00083
0.00098
0.00131
0.00204
0.00149
0.00173
0.00131
0.00111
0.00223
0.00092
0.00230
0.00120
0.00235
0.00128
0.00220
0.00195
0.00166
0.00234
0.00171
0.00177
0.00188
0.00232
0.00188
0.00216
0.00257
0.00114
0.00367
0.00257
0.00377
0.00173
0.00148
-0.00052
0.00163
0.00068
0.00185
0.00120
0.00135
0.00081
0.00110
0.00131
0.00431
0.00393
0.00462
0.00450
-0.00022
-0.00049
0.00072
0.00059
-0.00038
0.00103
0.00239
0.00338
0.00354
0.00331
0.00192
0.00330
0.00225
0.00266
0.00320
0.00125
0.00065
0.00034
0.00269
0.00035
0.00188
0.00297
0.00174
0.00364
0.00325
0.00238
0.00284
0.00029
0.00019
0.00096
0.00088
0.00198
-0.00048
0.00187
0.00119
0.00114
0.00036
0.00203
0.00028
0.00097
0.00185
0.00295
0.00294
0.00325
0.00309
0.00315
0.00309
0.00151
0.00135
0.00112
0.00138
-0.00062
0.00096
0.00035
0.00134
0.00139
0.00093
0.00476
0.00386
0.00151
0.00304
0.00235
0.00219
0.00301
0.00123
0.00197
0.00151
0.00094
0.00131
0.00202
0.00129
0.00193
0.00142
0.00148
0.00162
0.00120
0.00066
0.00132
0.00149
0.00131
0.00166
-0.00033
0.00246
0.00117
0.00157
0.00025
0.00077
0.00148
0.00039
0.00106
0.00085
0.00322
0.00215
0.00359
0.00386
0.00313
0.00161
0.00271
0.00171
0.00253
0.00239
0.00147
0.00272
0.00233
0.00129
0.00453
0.00036
0.00098
-0.00053
-0.00008
