0.76124
0.76643
0.76588
0.74874
0.77806
0.76921
0.77821
0.82438
0.78684
0.75284
0.77997
0.72092
0.78975
0.76190
0.78050
0.76431
0.77901
0.76269
0.76950
0.77722
0.76945
0.76069
0.76094
0.71586
0.75724
0.74586
0.74641
0.75817
0.75233
0.84982
0.81917
0.81713
0.78111
0.80315
0.80344
0.81968
0.80370
0.79283
0.81400
0.80081
0.72587
0.77224
0.75112
0.75029
0.79532
0.80428
0.80838
0.81524
0.81184
0.81062
0.78258
0.74365
0.75825
0.72019
0.76222
0.71221
0.74272
0.73656
0.76977
0.81274
0.83188
0.81327
0.84245
0.75781
0.73705
0.75902
0.71385
0.74376
0.73259
0.79822
0.82906
0.82312
0.76622
0.83644
0.76200
0.83347
0.79537
0.81218
0.81555
0.76488
0.79871
0.89166
0.74635
0.90660
0.76548
0.83626
0.84245
0.80161
0.80546
0.82910
0.79097
0.77197
0.79808
0.76621
0.79252
0.76993
0.77572
0.78372
0.74093
0.72144
0.73801
0.72234
0.75670
0.71980
0.72571
0.72424
0.73226
0.72373
0.71964
0.79094
0.72168
0.77988
0.70536
0.77942
0.72937
0.76616
0.72368
0.76048
0.74215
0.75067
0.74396
0.78193
0.79992
0.79677
0.78429
0.78203
0.82957
0.78023
0.78425
0.78237
0.77645
0.79237
0.71468
0.78129
0.72006
0.76306
0.76828
0.74043
0.75960
0.77464
0.74336
0.75928
0.76075
0.75579
0.75839
0.74848
0.73201
0.83142
0.77818
0.82644
0.78114
0.77011
0.76642
0.77190
0.75234
0.75875
0.77613
0.75476
0.75873
0.82707
0.80661
0.82941
0.74849
0.80468
0.71368
0.79605
0.77316
0.79785
0.76981
0.78120
0.75912
0.76985
0.78577
0.75800
0.76074
0.75146
0.76183
0.75790
0.71240
0.77421
0.72959
0.76238
0.75662
0.86753
0.83311
0.83220
0.79747
0.81474
0.81355
0.79793
0.79388
0.80944
0.81242
0.80518
0.75536
0.74104
0.74439
0.74790
0.82699
0.82564
0.81091
0.82705
0.83721
0.81958
0.72585
0.76934
0.74584
0.74622
0.71597
0.71267
0.77063
0.74262
0.72893
0.82383
0.78156
0.79854
0.84719
0.84457
0.72983
0.75514
0.75002
0.71910
0.72833
0.73921
0.74223
0.85139
0.80329
0.82741
0.81212
0.75028
0.83318
0.76311
0.82491
0.77817
0.80326
0.79735
0.77660
0.79432
0.73683
0.90719
0.75256
0.81962
0.80391
0.89018
0.80419
0.84007
0.79121
0.80037
0.79482
0.77982
0.80877
0.77829
0.79724
0.77063
0.78423
0.71212
0.71693
0.72836
0.71730
0.74783
0.71869
0.73599
0.72119
0.72785
0.71673
0.75853
0.71964
0.78584
0.71766
0.76877
0.70802
0.77095
0.71845
0.74790
0.73192
0.75083
0.73520
0.74060
0.80971
0.78391
0.81855
0.80635
0.77464
0.78521
0.78149
0.77420
0.78085
0.78340
0.71760
0.78802
0.72552
0.75173
0.78342
0.75586
0.75322
0.77492
0.74681
0.75640
0.74888
0.74082
0.75633
0.73974
0.75294
0.82533
0.79619
0.76941
0.77654
0.78006
