0.80814
0.81704
0.83099
0.80694
0.84122
0.82508
0.83679
0.92541
0.90233
0.79733
0.83527
0.76699
0.86906
0.81565
0.84552
0.83173
0.86251
0.81588
0.84470
0.84245
0.83670
0.82618
0.82003
0.75805
0.81375
0.79280
0.79838
0.80670
0.80090
0.90604
0.88339
0.92289
0.85459
0.91465
0.88223
0.92443
0.89191
0.89684
0.91882
0.89568
0.80176
0.83447
0.81920
0.80203
0.88093
0.91268
0.88370
0.91754
0.90919
0.90467
0.84016
0.81966
0.83959
0.76129
0.81846
0.75083
0.78649
0.77686
0.82984
0.87176
0.93472
0.88818
0.93407
0.81335
0.78214
0.80666
0.77888
0.80223
0.78982
0.91076
0.92865
0.94354
0.82494
0.94616
0.83923
0.94492
0.89754
0.90336
0.91410
0.82117
0.86871
0.98184
0.79249
0.99710
0.81702
0.91513
0.91893
0.86238
0.86851
0.89418
0.85318
0.85043
0.88103
0.82956
0.88024
0.84562
0.84319
0.84970
0.80591
0.79202
0.79851
0.79341
0.81756
0.79378
0.79161
0.80265
0.79977
0.79446
0.78930
0.86097
0.78059
0.84700
0.76756
0.84357
0.78525
0.82561
0.78240
0.81889
0.79894
0.80898
0.80149
0.86933
0.91736
0.88029
0.86415
0.86365
0.93200
0.85487
0.87371
0.86797
0.86039
0.86241
0.75829
0.83518
0.76484
0.81510
0.82255
0.78881
0.82387
0.82932
0.80292
0.80808
0.81101
0.80778
0.81497
0.81857
0.77008
0.90866
0.84933
0.88482
0.84700
0.84073
0.81017
0.81957
0.82295
0.81656
0.84039
0.81243
0.82078
0.92945
0.91295
0.93017
0.79498
0.88122
0.76491
0.86375
0.82979
0.85933
0.82078
0.85660
0.81095
0.84459
0.85274
0.82593
0.82494
0.81229
0.83594
0.81154
0.75409
0.83400
0.77435
0.82123
0.80975
0.92557
0.89912
0.93402
0.87496
0.91996
0.91931
0.87798
0.88765
0.90379
0.91961
0.89024
0.81083
0.81509
0.79663
0.81610
0.91068
0.92761
0.89290
0.92631
0.93144
0.90789
0.79517
0.82877
0.82085
0.78638
0.75476
0.75400
0.82986
0.79127
0.76780
0.88700
0.84815
0.88220
0.93220
0.93708
0.77342
0.80792
0.79775
0.78415
0.78842
0.79287
0.80242
0.94351
0.91136
0.92910
0.94041
0.81191
0.94593
0.84941
0.92423
0.87131
0.92549
0.90368
0.84295
0.85563
0.78666
0.99526
0.80611
0.89499
0.87277
0.97823
0.86952
0.92801
0.86386
0.86299
0.86033
0.85743
0.90123
0.85136
0.88341
0.83559
0.83762
0.78144
0.79012
0.79049
0.79060
0.80984
0.79197
0.80086
0.78923
0.79770
0.78682
0.81929
0.78115
0.85459
0.77050
0.83582
0.76717
0.83219
0.77800
0.80902
0.78260
0.80560
0.79258
0.79637
0.91464
0.87456
0.92183
0.89740
0.85907
0.87022
0.86319
0.85546
0.86592
0.87159
0.75612
0.84758
0.77314
0.80113
0.84640
0.81684
0.81774
0.83382
0.81193
0.80561
0.79989
0.80000
0.81053
0.80654
0.79029
0.90588
0.84864
0.84289
0.84781
0.85169
