0.00432
0.00402
0.00193
0.00451
0.00393
0.00319
0.00422
0.00216
0.00226
0.00347
0.00316
0.00316
0.00314
0.00318
0.00301
0.00351
0.00284
0.00336
0.00434
0.00306
0.00343
0.00357
0.00296
0.00283
0.00279
0.00483
0.00337
0.00425
0.00318
0.00180
0.00232
0.00328
0.00282
0.00173
0.00350
0.00110
0.00307
0.00296
0.00076
0.00220
0.00847
0.00309
0.00578
0.00388
0.00216
0.00017
0.00249
0.00082
0.00151
0.00213
0.00383
0.00450
0.00550
0.00448
0.00282
0.00393
0.00403
0.00537
0.00271
0.00281
0.00273
0.00398
0.00301
0.00495
0.00336
0.00393
0.00679
0.00518
0.00545
0.00070
0.00106
0.00189
0.00302
0.00199
0.00380
0.00133
0.00361
0.00193
0.00345
0.00238
0.00219
0.00288
0.00316
0.00379
0.00398
0.00422
0.00431
0.00489
0.00298
0.00410
0.00212
0.00161
0.00278
0.00260
0.00279
0.00249
0.00253
0.00058
0.00446
0.00565
0.00394
0.00707
0.00341
0.00548
0.00416
0.00396
0.00372
0.00451
0.00362
0.00381
0.00326
0.00394
0.00474
0.00311
0.00372
0.00397
0.00508
0.00256
0.00474
0.00413
0.00343
0.00125
0.00240
0.00204
0.00259
0.00341
0.00303
0.00263
0.00346
0.00375
0.00332
0.00490
0.00373
0.00480
0.00435
0.00516
0.00466
0.00445
0.00355
0.00384
0.00338
0.00326
0.00283
0.00305
0.00351
0.00484
0.00075
0.00495
0.00197
0.00058
-0.00024
0.00088
0.00457
0.00469
0.00128
0.00341
0.00367
0.00437
0.00398
0.00366
0.00268
0.00253
0.00265
0.00248
0.00339
0.00263
0.00377
0.00272
0.00378
0.00430
0.00381
0.00463
0.00369
0.00390
0.00393
0.00420
0.00372
0.00448
0.00353
0.00280
0.00595
0.00387
0.00587
0.00218
0.00274
0.00136
0.00273
0.00187
0.00380
0.00252
0.00308
0.00244
0.00201
0.00290
0.00555
0.00581
0.00605
0.00696
0.00099
0.00105
0.00231
0.00115
0.00110
0.00287
0.00391
0.00532
0.00503
0.00528
0.00356
0.00514
0.00387
0.00438
0.00532
0.00275
0.00185
0.00225
0.00387
0.00209
0.00343
0.00514
0.00376
0.00533
0.00536
0.00423
0.00537
0.00162
0.00174
0.00232
0.00286
0.00335
0.00123
0.00460
0.00251
0.00353
0.00231
0.00410
0.00159
0.00217
0.00393
0.00431
0.00482
0.00506
0.00496
0.00433
0.00538
0.00303
0.00398
0.00225
0.00299
0.00151
0.00261
0.00245
0.00268
0.00293
0.00109
0.00650
0.00669
0.00400
0.00472
0.00488
0.00463
0.00535
0.00395
0.00403
0.00393
0.00246
0.00356
0.00366
0.00292
0.00413
0.00359
0.00340
0.00399
0.00404
0.00242
0.00353
0.00437
0.00334
0.00286
0.00198
0.00451
0.00339
0.00357
0.00228
0.00287
0.00365
0.00201
0.00315
0.00239
0.00492
0.00332
0.00522
0.00604
0.00461
0.00389
0.00384
0.00329
0.00431
0.00470
0.00311
0.00480
0.00525
0.00216
0.00645
0.00035
0.00148
-0.00108
-0.00026
