0.00239
0.00287
-0.00020
0.00052
-0.00190
-0.00086
-0.00250
0.00102
0.00098
0.00706
0.00392
0.00619
0.00130
0.00460
0.00169
0.00154
0.00066
0.00193
0.00255
0.00095
0.00168
0.00235
0.00088
0.00395
0.00085
0.00632
0.00282
0.00345
0.00308
0.00047
-0.00029
0.00250
-0.00032
0.00104
0.00429
0.00098
0.00384
0.00147
0.00095
0.00160
0.00612
0.00329
0.00274
0.00226
0.00111
-0.00314
0.00306
-0.00055
0.00154
0.00072
0.00453
0.00400
0.00618
0.00507
0.00323
0.00511
0.00620
0.00627
0.00644
0.00557
-0.00058
-0.00036
-0.00158
0.00103
0.00124
0.00096
0.00483
0.00280
0.00410
0.00022
-0.00053
-0.00006
0.00130
-0.00181
0.00126
-0.00247
0.00129
-0.00129
-0.00079
0.00055
-0.00010
-0.00485
0.00106
-0.00210
0.00061
-0.00239
-0.00276
-0.00173
-0.00318
-0.00293
-0.00077
0.00010
-0.00019
0.00094
-0.00038
-0.00030
0.00083
0.00022
0.00109
0.00449
-0.00089
0.00650
-0.00056
0.00506
0.00291
0.00162
-0.00068
0.00243
0.00212
-0.00152
0.00171
-0.00334
0.00120
-0.00045
0.00133
-0.00100
0.00271
-0.00050
0.00075
-0.00061
0.00012
-0.00028
0.00182
0.00036
0.00016
-0.00020
0.00179
-0.00159
0.00163
0.00068
0.00046
0.00233
0.00498
0.00473
0.00512
0.00498
0.00627
0.00598
0.00082
0.00137
0.00241
0.00156
0.00160
0.00023
0.00121
0.00493
0.00091
0.00370
0.00138
0.00239
0.00178
0.00222
0.00257
0.00286
0.00039
0.00124
-0.00136
0.00106
-0.00021
0.00266
0.00364
0.00188
0.00543
0.00106
0.00636
0.00245
0.00595
0.00298
0.00215
0.00270
0.00278
0.00228
0.00256
0.00160
0.00284
0.00149
0.00025
0.00176
0.00600
0.00056
0.00789
0.00287
0.00691
0.00088
0.00066
0.00065
0.00211
0.00318
0.00231
0.00191
0.00173
0.00109
0.00216
0.00288
0.00584
0.00552
0.00526
0.00755
0.00105
0.00042
0.00212
-0.00044
-0.00004
0.00081
0.00322
0.00800
0.00641
0.00548
0.00626
0.00646
0.00265
0.00535
0.00791
0.00371
0.00414
-0.00044
-0.00033
-0.00080
0.00128
0.00351
0.00194
0.00573
0.00476
0.00210
0.00371
0.00125
0.00199
0.00025
0.00275
0.00331
-0.00075
0.00495
-0.00073
0.00221
0.00018
0.00105
0.00048
-0.00019
0.00307
0.00099
0.00310
-0.00093
0.00211
-0.00133
0.00058
-0.00191
-0.00202
0.00003
0.00133
-0.00130
0.00134
0.00036
0.00016
0.00151
-0.00047
0.00610
0.00489
0.00167
0.00423
0.00363
0.00295
0.00329
0.00367
0.00276
0.00169
-0.00109
0.00176
-0.00142
0.00269
-0.00062
0.00282
0.00106
0.00330
0.00012
0.00098
0.00077
0.00346
0.00247
0.00209
-0.00169
0.00340
0.00167
0.00076
-0.00128
0.00009
0.00140
-0.00188
-0.00004
0.00444
0.00409
0.00551
0.00607
0.00395
0.00491
0.00172
0.00251
0.00090
0.00262
0.00254
0.00087
0.00316
0.00435
0.00656
0.00437
0.00378
0.00150
0.00137
0.00211
