0.00338
0.00354
0.00009
0.00201
-0.00141
-0.00065
-0.00187
0.00178
0.00170
0.00668
0.00340
0.00585
0.00183
0.00536
0.00223
0.00210
0.00079
0.00205
0.00343
0.00103
0.00282
0.00318
0.00059
0.00449
0.00130
0.00712
0.00337
0.00491
0.00393
0.00126
0.00028
0.00315
-0.00057
0.00161
0.00498
0.00138
0.00456
0.00204
0.00204
0.00283
0.00613
0.00360
0.00298
0.00293
0.00173
-0.00297
0.00296
0.00013
0.00189
0.00132
0.00501
0.00492
0.00678
0.00617
0.00362
0.00593
0.00714
0.00706
0.00598
0.00550
0.00003
-0.00078
-0.00199
0.00154
0.00174
0.00131
0.00574
0.00357
0.00480
0.00043
-0.00042
-0.00092
0.00212
-0.00124
0.00187
-0.00267
0.00204
-0.00033
-0.00108
0.00091
-0.00020
-0.00504
0.00211
-0.00260
0.00092
-0.00272
-0.00375
-0.00207
-0.00301
-0.00295
-0.00073
0.00080
0.00042
0.00187
0.00032
0.00100
0.00160
0.00009
0.00231
0.00611
-0.00041
0.00646
0.00045
0.00559
0.00440
0.00243
0.00059
0.00300
0.00327
-0.00145
0.00241
-0.00339
0.00186
-0.00033
0.00227
-0.00104
0.00339
0.00002
0.00087
-0.00032
0.00087
0.00039
0.00299
0.00041
0.00101
0.00005
0.00202
-0.00076
0.00165
0.00137
0.00128
0.00238
0.00583
0.00565
0.00677
0.00605
0.00720
0.00660
0.00135
0.00181
0.00374
0.00299
0.00271
0.00046
0.00138
0.00538
0.00123
0.00401
0.00165
0.00281
0.00241
0.00261
0.00259
0.00294
0.00111
0.00070
-0.00132
0.00184
-0.00012
0.00311
0.00452
0.00228
0.00561
0.00131
0.00643
0.00304
0.00620
0.00330
0.00272
0.00314
0.00332
0.00252
0.00299
0.00215
0.00343
0.00242
0.00065
0.00242
0.00663
0.00146
0.00787
0.00353
0.00756
0.00127
0.00122
0.00204
0.00244
0.00446
0.00211
0.00292
0.00200
0.00228
0.00343
0.00380
0.00599
0.00601
0.00594
0.00820
0.00141
0.00040
0.00198
0.00005
0.00030
0.00082
0.00411
0.00826
0.00722
0.00673
0.00761
0.00736
0.00397
0.00624
0.00849
0.00403
0.00490
-0.00063
-0.00075
-0.00048
0.00123
0.00496
0.00175
0.00655
0.00550
0.00227
0.00497
0.00083
0.00190
-0.00031
0.00130
0.00405
0.00018
0.00582
-0.00037
0.00325
-0.00010
0.00087
0.00044
-0.00020
0.00335
0.00083
0.00309
-0.00129
0.00236
-0.00182
0.00058
-0.00239
-0.00254
0.00010
0.00188
-0.00103
0.00168
0.00073
0.00072
0.00128
-0.00017
0.00700
0.00520
0.00148
0.00497
0.00457
0.00363
0.00421
0.00484
0.00395
0.00217
-0.00101
0.00279
-0.00151
0.00361
-0.00038
0.00309
0.00156
0.00379
0.00032
0.00163
0.00115
0.00363
0.00311
0.00258
-0.00147
0.00370
0.00217
0.00186
-0.00117
0.00037
0.00203
-0.00089
0.00044
0.00565
0.00438
0.00661
0.00715
0.00476
0.00609
0.00263
0.00302
0.00149
0.00355
0.00327
0.00153
0.00404
0.00523
0.00770
0.00487
0.00422
0.00246
0.00206
0.00244
