-0.02261
-0.02261
-0.05714
-0.02633
-0.01992
-0.01992
-0.02633
0.10516
0.10516
-0.08021
-0.08090
-0.08090
0.03351
-0.06190
0.03351
0.02731
0.02731
-0.02261
0.02731
-0.02261
0.00820
0.00820
-0.00444
-0.05397
-0.03259
-0.06190
0.02010
-0.04244
-0.04244
0.02621
0.02621
0.06307
-0.04628
0.06307
0.05756
0.17009
0.02010
0.07667
-99.00000
0.07492
-0.06646
-0.04728
-0.07978
-0.07978
0.10073
0.10073
0.01477
0.17009
0.01477
0.10073
-0.11013
-0.06771
-0.07535
-0.02261
-0.03259
-0.03259
-0.02261
-0.02261
-0.08021
-0.08021
0.02313
0.01227
0.01227
-0.01992
-0.04939
-0.00131
-0.02135
-0.02348
-0.02348
0.17009
0.17009
0.02534
0.02790
0.02534
0.03756
0.02790
0.05897
0.02024
0.09410
0.00146
-0.05714
0.05897
-0.04939
0.05897
-0.00131
0.00633
0.05897
0.09410
-0.00131
0.00970
0.10516
0.02313
0.03522
0.03522
0.03522
0.02313
-0.00888
-0.06464
-0.01992
-0.01992
-0.02633
-0.02633
-0.01992
-0.02633
-0.02679
-0.02633
-0.01992
-0.02633
-0.03861
0.03537
-0.06464
-0.02679
-0.03861
-0.03861
-0.05714
-0.03861
-0.03861
-0.05714
-0.02633
-0.02679
-0.03861
0.02534
0.06307
0.04271
0.04271
0.02731
0.06307
0.02534
0.04271
0.02731
0.04271
0.02022
-0.01649
0.02022
-0.01649
0.03756
0.04161
-0.05007
0.02731
-0.04666
-0.00444
-0.00189
0.00820
-0.00444
-0.00444
-0.01022
-0.11922
0.04161
-0.04666
-0.11013
-0.07978
-0.07978
-0.01649
-0.00189
-0.05714
-0.01992
-0.02679
-0.02633
-0.02633
0.03522
0.10516
0.10516
-0.08021
-0.02261
-0.07412
0.02010
-0.06190
-0.06190
-0.04666
0.00820
-0.00189
0.02731
-0.04666
-0.00444
0.00820
0.02731
0.02731
0.00820
-0.08642
-0.01649
-0.04244
-0.05397
-0.04244
-0.00176
-0.00176
0.07667
-0.04244
0.16470
0.06307
0.03351
0.06307
0.03351
0.07667
-0.02261
-0.04728
-0.05829
-0.02757
-0.06646
-0.06588
0.17009
0.03351
0.10073
0.10073
0.02010
-0.06771
-0.07535
-0.07535
-0.01649
-0.08642
-0.03259
-0.02261
-0.02261
-0.05397
-99.00000
-0.08021
0.01227
0.03537
0.01227
-0.04939
-0.01992
-0.01992
-0.02135
-0.02348
-0.04939
-0.01992
0.17009
0.17009
0.17009
0.05897
-0.07978
0.05531
0.05531
0.09410
0.09410
0.05531
0.09410
-0.05714
-0.00888
0.04161
0.09410
-0.00131
0.00633
-0.00131
0.05897
0.00633
0.05897
-0.00131
0.17009
0.03522
0.02313
0.04271
0.02313
0.03522
-0.00888
-0.06464
-0.01709
-0.01709
-0.02633
-0.02633
-0.01992
-0.02679
-0.01992
-0.02633
-0.01992
-0.02633
-0.03861
-0.03861
0.00633
-0.06292
-0.02679
-0.03861
-0.03861
-0.02633
-0.02679
-0.03861
-0.03861
-0.02679
-0.02679
0.04271
0.03090
0.06307
0.02534
0.02534
0.02790
0.02534
0.02024
0.02534
0.02731
-0.11922
0.02022
-0.11922
-0.01649
0.03756
-0.01649
0.02024
0.04161
-0.00189
0.02790
-0.02261
-0.02842
-0.02842
-0.06682
-0.12416
0.04161
-0.04728
-0.04666
-0.07978
-0.07978
