-0.00495
-0.00495
-0.04004
0.08627
0.08971
0.08971
0.08627
0.00346
0.00346
-0.15733
-0.08407
-0.08407
-0.01237
-0.04220
-0.01237
0.02928
0.02928
-0.00495
0.02928
-0.00495
0.01472
0.01472
0.01220
-0.00204
-0.00681
-0.04220
0.00362
-0.01212
-0.01212
-0.04354
-0.04354
0.02364
-0.01449
0.02364
0.02997
-0.07889
0.00362
-0.01406
-99.00000
0.02977
0.05799
-0.00426
-0.01666
-0.01666
-0.04385
-0.04385
-0.17648
-0.07889
-0.17648
-0.04385
-0.17114
0.02906
0.03391
-0.00495
-0.00681
-0.00681
-0.00495
-0.00495
-0.15733
-0.15733
-0.00764
-0.02003
-0.02003
0.08971
0.02041
0.03656
0.06247
0.09971
0.09971
-0.07889
-0.07889
0.00844
-0.01098
0.00844
-0.02392
-0.01098
-0.01686
-0.00052
-0.03077
0.03340
-0.04004
-0.01686
0.02041
-0.01686
0.03656
0.01618
-0.01686
-0.03077
0.03656
0.05892
0.00346
-0.00764
0.02583
0.02583
0.02583
-0.00764
-0.01570
-0.15758
0.08971
0.08971
0.08627
0.08627
0.08971
0.08627
0.05368
0.08627
0.08971
0.08627
0.01598
-0.02789
-0.15758
0.05368
0.01598
0.01598
-0.04004
0.01598
0.01598
-0.04004
0.08627
0.05368
0.01598
0.00844
0.02364
0.01337
0.01337
0.02928
0.02364
0.00844
0.01337
0.02928
0.01337
0.00094
0.03103
0.00094
0.03103
-0.02392
-0.01134
-0.04128
0.02928
-0.06657
0.01220
0.01536
0.01472
0.01220
0.01220
-0.01480
-0.10008
-0.01134
-0.06657
-0.17114
-0.01666
-0.01666
0.03103
0.01536
-0.04004
0.08971
0.05368
0.08627
0.08627
0.02583
0.00346
0.00346
-0.15733
-0.00495
-0.07223
0.00362
-0.04220
-0.04220
-0.06657
0.01472
0.01536
0.02928
-0.06657
0.01220
0.01472
0.02928
0.02928
0.01472
-0.04697
0.03103
-0.01212
-0.00204
-0.01212
-0.09290
-0.09290
-0.01406
-0.01212
-0.03211
0.02364
-0.01237
0.02364
-0.01237
-0.01406
-0.00495
-0.00426
0.10186
0.07346
0.05799
-0.27594
-0.07889
-0.01237
-0.04385
-0.04385
0.00362
0.02906
0.03391
0.03391
0.03103
-0.04697
-0.00681
-0.00495
-0.00495
-0.00204
-99.00000
-0.15733
-0.02003
-0.02789
-0.02003
0.02041
0.08971
0.08971
0.06247
0.09971
0.02041
0.08971
-0.07889
-0.07889
-0.07889
-0.01686
-0.01666
0.01313
0.01313
-0.03077
-0.03077
0.01313
-0.03077
-0.04004
-0.01570
-0.01134
-0.03077
0.03656
0.01618
0.03656
-0.01686
0.01618
-0.01686
0.03656
-0.07889
0.02583
-0.00764
0.01337
-0.00764
0.02583
-0.01570
-0.15758
0.05747
0.05747
0.08627
0.08627
0.08971
0.05368
0.08971
0.08627
0.08971
0.08627
0.01598
0.01598
0.01618
-0.00357
0.05368
0.01598
0.01598
0.08627
0.05368
0.01598
0.01598
0.05368
0.05368
0.01337
0.03480
0.02364
0.00844
0.00844
-0.01098
0.00844
-0.00052
0.00844
0.02928
-0.10008
0.00094
-0.10008
0.03103
-0.02392
0.03103
-0.00052
-0.01134
0.01536
-0.01098
-0.00495
0.00738
0.00738
0.09934
-0.14461
-0.01134
-0.00426
-0.06657
-0.01666
-0.01666
