-99.00000
-99.00000
-99.00000
-0.02081
-99.00000
-99.00000
-99.00000
-99.00000
-99.00000
-99.00000
-99.00000
-99.00000
-99.00000
-99.00000
-99.00000
-99.00000
-99.00000
-99.00000
-0.02321
-99.00000
-99.00000
-99.00000
-99.00000
-99.00000
-99.00000
-99.00000
-99.00000
-99.00000
-99.00000
-99.00000
-99.00000
-99.00000
-99.00000
-99.00000
-0.02070
-99.00000
-99.00000
-99.00000
-99.00000
-0.01991
-99.00000
-99.00000
-0.02423
-99.00000
-99.00000
-99.00000
-99.00000
-99.00000
-99.00000
-99.00000
-99.00000
-99.00000
-99.00000
-99.00000
-99.00000
-99.00000
-0.02539
-0.02721
-99.00000
-99.00000
-0.01888
-0.02114
-0.02580
-0.02350
-99.00000
-0.01750
-0.02214
-0.02768
-0.01855
-99.00000
-99.00000
-99.00000
-0.02351
-0.01780
-99.00000
-99.00000
-99.00000
-99.00000
-0.01954
-99.00000
-99.00000
-99.00000
-0.01791
-99.00000
-99.00000
-99.00000
-99.00000
-99.00000
-99.00000
-99.00000
-99.00000
-0.02057
-0.01801
-99.00000
-99.00000
-99.00000
-99.00000
-99.00000
-99.00000
-99.00000
-0.02469
-99.00000
-0.02457
-99.00000
-0.02346
-0.01799
-99.00000
-0.02126
-99.00000
-99.00000
-0.02025
-0.02255
-0.02294
-99.00000
-0.02273
-99.00000
-0.02459
-0.02229
-0.02499
-99.00000
-99.00000
-99.00000
-99.00000
-0.01832
-99.00000
-0.01491
-99.00000
-0.01790
-99.00000
-99.00000
-99.00000
-99.00000
-99.00000
-99.00000
-99.00000
-99.00000
-99.00000
-99.00000
-99.00000
-0.02038
-0.02674
-99.00000
-99.00000
-99.00000
-0.01636
-99.00000
-99.00000
-99.00000
-99.00000
-99.00000
-99.00000
-99.00000
-99.00000
-99.00000
-99.00000
-99.00000
-0.01898
-99.00000
-99.00000
-0.01406
-99.00000
-99.00000
0.04056
-99.00000
-99.00000
-0.02478
-99.00000
-99.00000
-99.00000
-0.01905
-0.01930
-99.00000
-99.00000
-99.00000
-0.01812
-99.00000
-0.01956
-0.02600
-99.00000
-99.00000
-99.00000
-99.00000
-99.00000
-99.00000
-99.00000
-99.00000
-99.00000
-99.00000
-99.00000
-99.00000
-0.01891
-99.00000
-99.00000
-99.00000
-99.00000
-99.00000
-99.00000
-99.00000
-99.00000
-99.00000
-99.00000
-99.00000
-99.00000
-99.00000
-99.00000
-0.02485
-99.00000
-99.00000
-99.00000
-99.00000
-99.00000
-99.00000
-0.02092
-99.00000
-99.00000
-0.01361
-99.00000
-0.01988
-99.00000
-99.00000
-99.00000
-99.00000
-0.02531
-0.01471
-0.01856
-99.00000
-99.00000
-0.01912
-99.00000
-99.00000
-99.00000
-99.00000
-99.00000
-99.00000
-99.00000
-0.01964
-99.00000
-99.00000
-99.00000
-99.00000
-0.01907
-99.00000
-99.00000
-99.00000
-99.00000
-99.00000
-99.00000
-99.00000
-99.00000
-0.02380
-99.00000
-99.00000
-99.00000
-99.00000
-99.00000
-99.00000
-0.02093
-99.00000
-99.00000
-99.00000
-0.02269
-0.02048
-0.01694
-99.00000
-99.00000
-99.00000
-99.00000
-99.00000
-0.02187
-99.00000
-99.00000
-99.00000
-0.02793
-99.00000
-0.01779
-99.00000
-99.00000
-0.01776
-99.00000
-99.00000
-99.00000
-99.00000
-99.00000
-0.01610
-99.00000
-0.01605
-0.02211
-0.01466
-99.00000
-99.00000
-99.00000
-0.01961
-99.00000
-99.00000
-99.00000
-99.00000
-0.02020
-99.00000
-99.00000
-0.01803
-0.02351
-99.00000
-99.00000
-99.00000
-99.00000
-99.00000
-99.00000
-99.00000
