-0.01806
-0.00382
-0.00359
-0.02081
-0.00910
-0.01499
-0.01280
-0.01248
-0.01257
0.02494
-0.01984
-0.00349
-0.01624
-0.00352
-0.01545
-0.01454
-0.01087
-0.00667
-0.02321
-0.00271
-0.01709
-0.01648
-0.01566
-0.00148
-0.00285
-0.02185
-0.01848
-0.01401
-0.00767
-0.01073
-0.00645
-0.01400
-0.00912
-0.01333
-0.02070
-0.00813
-0.00668
-0.00993
-0.01018
-0.01991
-0.01220
-0.00042
-0.02423
-0.01581
-0.00509
-0.01715
-0.01224
-0.01800
-0.01321
-0.01293
-0.00386
-0.01473
-0.02353
-0.01359
-0.00990
-0.01016
-0.02539
-0.02721
0.01462
-0.00843
-0.01888
-0.02114
-0.02580
-0.02350
-0.00779
-0.01750
-0.02214
-0.02768
-0.01855
-0.01326
-0.00913
-0.01630
-0.02351
-0.01780
-0.00926
-0.01042
-0.01421
-0.01134
-0.01954
-0.00957
-0.01087
-0.01704
-0.01791
-0.00790
-0.00811
-0.00494
-0.00604
-0.00900
-0.01345
-0.00851
-0.01007
-0.02057
-0.01801
-0.01336
-0.01406
-0.01831
-0.00889
-0.00093
-0.01196
-0.00978
-0.02469
-0.00857
-0.02457
-0.01410
-0.02346
-0.01799
-0.01252
-0.02126
-0.01638
-0.01959
-0.02025
-0.02255
-0.02294
-0.01708
-0.02273
-0.01716
-0.02459
-0.02229
-0.02499
-0.01148
-0.01852
-0.01283
-0.01575
-0.01832
-0.01520
-0.01491
-0.01028
-0.01790
-0.00842
-0.01486
-0.00828
-0.01165
0.01492
-0.00290
-0.00917
-0.01125
-0.00208
-0.00639
-0.01592
-0.02038
-0.02674
-0.01372
-0.01118
-0.01256
-0.01636
-0.01965
0.00219
0.01355
-0.00908
0.00200
-0.01389
-0.01121
-0.01359
-0.01026
0.00396
-0.00746
-0.01898
-0.00254
-0.01341
-0.01406
-0.01726
-0.00360
0.04056
-0.01273
0.01670
-0.02478
-0.00903
-0.01313
-0.00884
-0.01905
-0.01930
-0.01354
-0.01374
-0.01196
-0.01812
-0.01844
-0.01956
-0.02600
0.00278
-0.00937
-0.01085
-0.00525
-0.01818
-0.00262
-0.00032
-0.00920
-0.01241
-0.00968
-0.00454
-0.00510
-0.01891
-0.01266
-0.01507
-0.01031
-0.00753
-0.01311
-0.01034
-0.01542
0.00881
-0.00923
-0.00336
-0.01728
0.00120
-0.01497
-0.02458
-0.02485
-0.01841
-0.01665
-0.00687
-0.00918
-0.01163
-0.01334
-0.02092
-0.00022
0.01081
-0.01361
-0.01746
-0.01988
-0.01343
-0.01000
-0.00459
-0.01701
-0.02531
-0.01471
-0.01856
-0.00750
-0.01633
-0.01912
-0.01028
-0.01111
-0.00813
-0.00310
-0.00470
-0.00618
-0.00756
-0.01964
-0.01267
-0.00776
-0.01271
-0.00789
-0.01907
-0.01332
0.00138
-0.00945
-0.00548
-0.00681
-0.00428
-0.01337
-0.00224
-0.02380
-0.01063
-0.01401
-0.01129
-0.01094
0.00227
-0.00595
-0.02093
-0.00848
-0.01060
-0.01387
-0.02269
-0.02048
-0.01694
-0.01245
-0.00854
-0.00827
-0.01509
-0.00502
-0.02187
-0.01490
-0.01161
-0.00420
-0.02793
0.00098
-0.01779
-0.00463
-0.01547
-0.01776
-0.00560
-0.01522
-0.01023
-0.01177
-0.01159
-0.01610
-0.00691
-0.01605
-0.02211
-0.01466
0.02458
-0.00233
-0.00171
-0.01961
-0.00587
-0.01056
-0.00697
-0.01519
-0.02020
-0.00674
-0.01519
-0.01803
-0.02351
-0.02270
0.02821
-0.00478
0.00338
-0.00636
-0.00210
-0.01173
