2.82745
2.72670
2.54669
2.94803
2.89848
2.72559
3.03569
2.36958
2.35088
3.11209
2.83606
2.86244
2.78115
2.85174
2.86967
2.75281
2.72112
2.69357
2.78065
2.57384
2.86598
2.87416
2.83080
3.14196
2.87314
3.05213
3.05046
2.94759
3.02495
2.70574
2.46076
2.48432
2.67791
2.42031
2.78395
2.18991
2.62108
2.32806
2.24764
2.61659
2.77150
2.92915
2.80184
2.94799
2.44598
2.42475
2.49765
2.43388
2.26398
2.54586
2.96315
2.63151
2.61143
3.32470
3.02092
3.23198
3.20903
3.14310
2.60830
2.50472
2.52605
2.88245
2.83960
2.88751
2.95472
2.83316
2.96117
2.96121
2.74459
2.09731
2.20795
2.02987
3.02517
2.25023
2.76436
2.19646
2.12845
2.44626
2.26525
2.79819
2.30223
2.77249
2.98357
2.66891
2.95784
2.85173
2.82982
2.91688
2.87458
2.84095
2.76447
2.60368
2.61034
2.65676
2.62758
2.66757
2.59395
2.77499
2.55595
2.65223
2.89964
2.68420
2.82616
2.63256
2.75774
2.66238
2.85219
2.73979
2.88276
3.03501
3.01408
3.05828
3.16808
3.01395
3.19445
3.26401
3.12356
3.09266
3.12066
3.07892
3.25647
2.45378
2.47508
2.53247
2.45425
2.44760
2.45795
2.61391
2.35367
2.48043
2.62956
2.62536
3.33172
3.10282
3.17499
2.91998
2.87787
2.86261
2.69889
2.95406
3.09851
2.99622
3.00966
2.86911
2.68068
2.99435
3.57828
2.60390
2.73193
3.76704
3.36085
3.52798
2.84772
2.84406
2.58491
2.60936
3.00194
2.99996
2.92922
2.41535
2.32344
2.28775
3.13132
2.74139
2.88741
2.89709
2.76351
2.77848
2.78149
2.77544
2.84471
2.79355
2.61802
2.60170
2.77800
3.02395
2.79935
3.10869
3.15866
2.88301
3.07764
2.93428
2.93075
2.59852
2.49233
2.30747
2.67983
2.43315
2.38227
2.86350
2.48278
2.45789
2.45748
2.79526
3.04611
2.75560
2.99565
2.51539
2.38573
2.43271
2.49250
2.51110
2.30402
2.54612
2.84401
3.00093
2.77824
3.23011
3.39467
3.26483
2.92717
3.21676
3.22836
2.45695
2.56562
2.44903
3.09256
2.65734
3.04641
2.85095
2.75258
2.93507
2.87452
2.75533
2.86549
2.25016
2.10524
2.26534
1.92551
2.88695
2.14270
2.60342
2.35956
2.29419
2.05724
2.24209
2.73539
2.45667
2.93087
2.65398
3.05177
2.88150
2.82869
2.74674
2.97287
2.60977
2.77010
2.80338
2.65851
2.58525
2.35566
2.63426
2.55731
2.56027
2.89714
2.77483
2.61630
2.78593
2.62504
2.80015
2.70797
2.71791
2.76818
2.72994
2.60594
2.97060
2.94032
3.00768
3.06649
2.97323
3.14896
3.17040
3.22585
2.89620
3.20125
3.30558
3.01413
3.26897
2.37485
2.50637
2.51760
2.44611
2.40287
2.52357
2.60084
2.43981
2.60083
2.43991
3.23447
3.02785
3.09418
3.13287
3.09622
2.78687
2.55605
2.91343
2.86942
2.93020
3.10578
3.06045
2.83382
3.07583
3.54725
2.77885
3.66014
2.79010
3.41548
3.58584
