0.00211
0.00764
0.00259
0.00999
0.00259
0.00066
0.00535
0.00539
0.00470
0.01012
0.00329
0.00985
0.00270
0.00604
0.00188
0.00366
0.00410
0.00329
0.00641
0.00220
0.00620
0.00351
0.00025
0.00789
-0.00314
0.00970
0.00366
0.00773
0.00399
-0.00304
-0.00095
0.00686
0.00041
0.00432
0.00826
0.00559
0.00737
0.00566
0.00334
0.00410
0.00676
0.00549
0.00333
0.00275
-0.00115
-0.00144
-0.00156
0.00036
-0.00100
0.00168
0.00715
0.00817
0.00761
0.00827
0.00273
0.00993
0.00908
0.01181
0.00652
0.00446
0.00183
0.00001
-0.00217
0.00505
0.00365
0.00298
0.00536
0.00631
0.00603
0.00153
0.00236
-0.00105
0.00431
0.00060
0.00610
0.00191
0.00500
0.00489
0.00171
0.00287
0.00018
-0.00076
0.00667
-0.00072
0.00492
0.00004
0.00331
-0.00098
0.00340
0.00163
0.00026
0.00405
0.00184
0.00308
-0.00011
0.00612
0.00158
-0.00371
0.00334
0.01122
0.00179
0.00883
0.00705
0.01198
0.00899
0.00074
0.00458
0.00861
0.00191
0.00034
0.00745
0.00049
0.00649
0.00138
0.00545
0.00087
0.00746
0.00352
0.00552
0.00814
0.00239
0.00174
0.00619
0.00554
0.00290
0.00061
0.00338
-0.00253
0.00356
0.00188
0.00588
0.00593
0.00745
0.00961
0.00559
0.01187
0.01200
0.00919
0.00219
0.00673
0.00647
0.00772
0.00279
0.00268
0.00008
0.00219
0.00508
0.00893
0.00138
0.00687
0.00298
0.00536
0.00444
0.00562
0.00173
0.00723
0.00334
0.00805
0.00383
0.00467
0.00722
0.00483
0.00871
0.00570
0.00620
0.00473
0.00992
0.00563
0.00689
0.00696
0.00442
0.00280
0.00614
0.00321
0.00698
0.00909
0.00567
0.00564
0.00650
0.00563
0.01292
0.00736
0.01224
-0.00181
-0.00020
0.00475
0.00730
0.00881
0.00498
0.00792
0.00482
0.00439
0.00657
0.00461
0.01163
0.00627
0.01096
0.00963
-0.00004
0.00122
0.00140
0.00040
0.00107
0.00208
0.00663
0.01325
0.00342
0.01004
0.01308
0.01123
0.00711
0.00768
0.01183
0.00419
0.00765
0.00044
0.00194
0.00238
0.00464
0.00990
0.00661
0.00696
0.01084
0.00734
0.00919
0.00263
0.00204
-0.00205
0.00282
0.00698
0.00391
0.01122
0.00486
0.00695
0.00317
0.00305
0.00309
-0.00049
0.00984
0.00570
0.00713
0.00425
0.00910
0.00235
0.00509
0.00393
0.00207
-0.00236
0.00141
-0.00045
0.00339
0.00237
0.00451
0.00228
0.00184
0.00988
0.00580
0.00545
0.00872
0.01040
0.00709
0.01127
0.00892
0.00961
0.00297
0.00242
0.00091
0.00267
0.00836
0.00518
0.00596
0.00604
0.00790
0.00843
0.00682
0.00456
0.00960
0.00926
0.00517
0.00177
0.00728
0.00660
0.00473
-0.00015
0.00386
0.00350
0.00307
0.00344
0.00999
0.00722
0.01145
0.01388
0.00678
0.01269
0.00651
0.00460
0.00438
0.00709
0.00601
0.00307
0.00867
0.01254
0.00712
0.01123
0.00737
0.00432
0.00488
0.00770
