0.00344
0.00344
-0.00045
0.00501
0.00238
0.00193
0.00276
0.00271
0.00333
0.00655
0.00473
0.00879
0.00262
0.00526
0.00074
0.00252
0.00167
0.00237
0.00284
0.00092
0.00388
0.00040
0.00171
0.00693
-0.00308
0.00577
-0.00025
0.00446
0.00238
-0.00257
-0.00096
0.00403
0.00036
0.00211
0.00444
0.00253
0.00429
0.00201
-0.00192
0.00259
0.00625
0.00399
0.00364
0.00195
0.00170
-0.00208
0.00290
-0.00052
-0.00097
0.00149
0.00615
0.00301
0.00600
0.00584
0.00045
0.00586
0.00536
0.00635
0.00729
0.00311
-0.00024
0.00148
-0.00002
0.00270
0.00197
0.00162
0.00415
0.00389
0.00377
-0.00180
0.00101
0.00228
0.00371
-0.00098
0.00520
0.00196
0.00397
0.00146
0.00259
-0.00003
0.00050
-0.00192
0.00391
0.00196
0.00268
0.00148
0.00419
0.00172
0.00177
0.00169
-0.00183
0.00064
0.00087
0.00074
-0.00052
-0.00121
0.00109
-0.00135
0.00261
0.00658
0.00095
0.00782
0.00095
0.00579
0.00304
0.00208
0.00194
0.00388
0.00184
0.00152
0.00353
0.00039
0.00274
0.00202
0.00257
0.00162
0.00440
0.00112
0.00188
0.00454
0.00180
-0.00124
0.00209
0.00101
0.00143
0.00076
0.00144
-0.00061
0.00229
0.00018
0.00162
0.00558
0.00290
0.00562
0.00417
0.00762
0.00548
0.00559
0.00284
0.00308
0.00240
0.00279
0.00121
0.00214
0.00259
0.00298
0.00188
0.00593
0.00133
0.00149
0.00177
0.00211
0.00533
0.00584
-0.00085
0.00677
0.00186
0.00471
0.00399
0.00321
0.00257
0.00120
0.00668
0.00376
0.00706
0.00412
0.00684
0.00333
0.00342
0.00438
0.00414
0.00340
0.00445
0.00299
0.00433
0.00411
0.00310
0.00412
0.00232
0.00197
0.01278
0.00427
0.01009
-0.00151
-0.00084
0.00253
0.00384
0.00480
0.00530
0.00259
0.00350
0.00052
0.00166
0.00253
0.00794
0.00401
0.00680
0.00788
0.00080
-0.00000
0.00320
-0.00150
0.00156
0.00122
0.00565
0.00911
0.00332
0.00756
0.00579
0.00989
0.00463
0.00673
0.00786
0.00317
0.00589
0.00011
0.00217
0.00014
0.00413
0.00616
0.00598
0.00528
0.00536
0.00460
0.00545
0.00220
0.00037
0.00039
0.00392
0.00675
0.00030
0.00887
0.00126
0.00516
0.00529
0.00485
0.00098
-0.00059
0.00597
0.00615
0.00587
0.00462
0.00535
0.00351
0.00473
0.00314
0.00307
-0.00212
0.00125
-0.00078
0.00142
-0.00033
0.00033
0.00092
-0.00029
0.00851
0.00573
0.00279
0.00569
0.00858
0.00476
0.00742
0.00472
0.00493
0.00167
0.00219
0.00133
0.00189
0.00380
0.00340
0.00410
0.00493
0.00434
0.00525
0.00245
0.00423
0.00608
0.00473
0.00321
0.00145
0.00559
0.00231
0.00208
0.00031
0.00166
0.00078
0.00078
0.00086
0.00549
0.00505
0.00661
0.00875
0.00647
0.00662
0.00228
0.00393
0.00203
0.00402
0.00273
0.00382
0.00539
0.01226
0.00372
0.00723
0.00329
0.00264
0.00167
0.00190
