0.00184
0.00026
0.00016
0.00159
0.00136
0.00152
0.00208
-0.00037
0.00140
0.00170
0.00127
0.00023
0.00177
0.00097
0.00066
0.00065
0.00041
-0.00032
0.00102
-0.00025
0.00007
-0.00028
0.00011
0.00180
-0.00085
0.00237
-0.00012
0.00160
0.00153
-0.00198
-0.00140
0.00130
0.00016
0.00047
0.00049
-0.00037
0.00164
-0.00014
0.00001
0.00082
0.00409
-0.00041
0.00283
0.00100
0.00039
-0.00026
-0.00151
-0.00094
-0.00038
0.00078
0.00170
0.00246
0.00425
0.00238
-0.00056
0.00247
0.00152
0.00287
0.00088
0.00046
-0.00109
0.00125
-0.00160
0.00206
0.00079
0.00130
0.00242
0.00217
0.00122
-0.00193
0.00047
-0.00056
0.00124
-0.00132
-0.00001
0.00017
0.00064
-0.00093
0.00035
-0.00172
0.00003
-0.00015
0.00020
0.00256
0.00079
0.00180
0.00173
0.00138
0.00113
0.00182
-0.00028
-0.00235
0.00046
-0.00025
-0.00179
-0.00255
-0.00115
-0.00193
0.00163
0.00296
0.00054
0.00326
0.00155
0.00115
0.00154
0.00171
0.00135
0.00318
-0.00249
0.00063
0.00023
0.00211
0.00108
0.00078
0.00137
0.00141
0.00181
0.00074
0.00090
0.00192
0.00109
-0.00317
0.00014
-0.00186
0.00018
-0.00120
-0.00158
-0.00234
-0.00039
-0.00101
-0.00022
0.00212
-0.00135
0.00182
0.00250
0.00415
0.00143
0.00058
0.00011
0.00160
0.00053
-0.00004
-0.00068
-0.00021
-0.00068
-0.00011
-0.00114
0.00276
0.00020
-0.00158
-0.00159
0.00027
0.00302
0.00241
0.00045
-0.00016
0.00088
0.00177
0.00145
-0.00070
-0.00002
-0.00102
0.00207
0.00100
0.00152
0.00180
0.00301
0.00143
0.00158
0.00169
0.00111
0.00129
0.00090
0.00030
0.00194
0.00272
0.00100
0.00226
0.00127
0.00009
0.00332
0.00205
0.00460
-0.00110
-0.00082
-0.00211
0.00148
0.00172
0.00065
0.00083
0.00090
0.00014
0.00157
0.00169
0.00277
0.00028
0.00286
0.00398
-0.00308
-0.00285
-0.00000
0.00021
-0.00199
0.00069
0.00416
0.00383
0.00262
0.00383
0.00137
0.00395
0.00185
0.00197
0.00259
0.00010
-0.00047
-0.00164
0.00148
-0.00070
0.00204
0.00303
0.00129
0.00297
0.00237
0.00158
0.00284
-0.00225
-0.00152
-0.00036
-0.00139
0.00194
-0.00221
0.00113
-0.00064
0.00012
0.00004
0.00094
0.00001
-0.00175
0.00198
0.00139
0.00250
0.00263
0.00253
0.00214
0.00138
0.00049
0.00037
0.00022
-0.00037
-0.00168
-0.00030
-0.00169
-0.00081
-0.00031
0.00037
0.00522
0.00423
0.00079
0.00377
0.00247
0.00136
0.00378
-0.00001
0.00156
0.00084
0.00006
-0.00021
0.00122
0.00123
0.00187
-0.00019
0.00190
0.00066
0.00076
0.00065
0.00194
0.00038
0.00076
0.00052
-0.00137
0.00122
-0.00013
-0.00014
-0.00187
-0.00113
-0.00053
0.00005
-0.00153
0.00035
0.00198
0.00262
0.00427
0.00308
0.00413
0.00004
0.00217
0.00058
0.00135
0.00117
0.00138
0.00197
0.00382
-0.00226
0.00311
-0.00129
0.00140
-0.00073
-0.00031
