-0.00009
-0.00195
-0.00008
-0.00031
-0.00281
-0.00111
-0.00164
-0.00230
-0.00037
0.00006
0.00048
0.00010
0.00076
0.00021
0.00052
-0.00092
-0.00237
-0.00237
-0.00183
-0.00203
-0.00327
-0.00264
-0.00182
0.00138
-0.00252
0.00184
-0.00067
0.00082
0.00084
-0.00378
-0.00372
-0.00257
-0.00143
-0.00188
-0.00142
-0.00152
0.00015
-0.00155
0.00112
-0.00116
0.00232
-0.00079
0.00289
-0.00019
-0.00058
0.00101
-0.00445
-0.00297
-0.00237
-0.00136
0.00026
0.00069
0.00306
0.00184
-0.00085
0.00088
0.00040
0.00112
-0.00025
-0.00085
-0.00385
-0.00315
-0.00412
-0.00124
-0.00206
-0.00088
0.00009
0.00015
0.00027
-0.00322
-0.00239
-0.00404
-0.00110
-0.00405
-0.00287
-0.00446
-0.00164
-0.00486
-0.00156
-0.00468
-0.00090
-0.00199
-0.00074
-0.00292
-0.00167
-0.00397
-0.00344
-0.00119
-0.00197
-0.00143
-0.00108
-0.00442
-0.00313
-0.00382
-0.00531
-0.00774
-0.00370
-0.00289
0.00054
0.00196
-0.00207
0.00065
0.00027
-0.00068
-0.00006
-0.00141
-0.00009
0.00026
-0.00619
-0.00291
-0.00176
-0.00257
-0.00422
-0.00246
-0.00245
-0.00418
-0.00232
-0.00168
-0.00277
-0.00307
-0.00080
-0.00695
-0.00169
-0.00656
-0.00249
-0.00530
-0.00482
-0.00630
-0.00367
-0.00567
-0.00464
-0.00008
-0.00539
-0.00116
0.00052
0.00109
-0.00068
-0.00233
-0.00294
-0.00132
-0.00244
-0.00184
-0.00215
-0.00217
-0.00453
-0.00118
-0.00403
0.00022
-0.00130
-0.00331
-0.00301
-0.00185
-0.00002
-0.00016
0.00019
-0.00273
-0.00312
-0.00220
-0.00195
-0.00335
-0.00105
-0.00225
-0.00042
-0.00040
0.00106
0.00021
0.00231
0.00090
0.00143
-0.00136
-0.00022
-0.00054
-0.00018
-0.00232
0.00062
0.00173
-0.00293
0.00124
0.00063
-0.00071
0.00132
0.00139
0.00321
-0.00397
-0.00142
-0.00441
-0.00083
0.00254
-0.00313
0.00056
-0.00083
-0.00176
0.00018
0.00213
0.00216
-0.00024
0.00165
0.00344
-0.00579
-0.00559
-0.00150
-0.00122
-0.00425
-0.00124
0.00217
0.00330
0.00178
0.00242
0.00024
0.00326
-0.00011
0.00113
0.00011
-0.00125
-0.00144
-0.00558
-0.00302
-0.00205
0.00006
-0.00011
0.00007
-0.00019
-0.00020
-0.00065
0.00115
-0.00651
-0.00343
-0.00299
-0.00294
-0.00065
-0.00671
-0.00293
-0.00442
-0.00268
-0.00281
-0.00118
-0.00171
-0.00461
0.00059
-0.00414
-0.00042
-0.00378
-0.00063
-0.00332
-0.00205
-0.00310
-0.00460
-0.00040
-0.00302
-0.00612
-0.00223
-0.00540
-0.00389
-0.00316
-0.00062
0.00203
0.00224
-0.00187
0.00149
-0.00085
-0.00112
0.00168
-0.00210
-0.00008
-0.00106
-0.00342
-0.00238
-0.00310
-0.00193
-0.00477
-0.00420
-0.00218
-0.00307
-0.00360
-0.00110
-0.00427
-0.00302
-0.00230
-0.00200
-0.00522
-0.00152
-0.00412
-0.00316
-0.00525
-0.00583
-0.00385
-0.00334
-0.00375
-0.00164
0.00025
0.00146
0.00224
-0.00072
0.00067
-0.00292
-0.00048
-0.00049
-0.00037
-0.00095
-0.00087
-0.00014
0.00120
-0.00385
-0.00171
-0.00318
-0.00106
-0.00274
-0.00254
