0.00550
0.00354
0.00001
0.00770
0.00622
0.00526
0.00720
0.00370
0.00398
0.00301
0.00335
0.00544
0.00499
0.00345
0.00279
0.00400
0.00374
0.00314
0.00567
0.00244
0.00547
0.00321
0.00307
0.00580
0.00132
0.00561
0.00167
0.00496
0.00371
0.00135
0.00103
0.00534
0.00330
0.00179
0.00507
0.00242
0.00466
0.00317
0.00017
0.00408
0.00624
0.00107
0.00618
0.00344
0.00210
-0.00000
0.00262
0.00186
0.00123
0.00358
0.00465
0.00558
0.00635
0.00566
0.00137
0.00541
0.00596
0.00753
0.00341
0.00228
0.00249
0.00503
0.00232
0.00662
0.00380
0.00413
0.00657
0.00665
0.00640
-0.00016
0.00221
0.00298
0.00529
0.00240
0.00541
0.00235
0.00482
0.00239
0.00484
0.00172
0.00159
0.00161
0.00461
0.00439
0.00575
0.00457
0.00505
0.00539
0.00433
0.00510
0.00154
0.00260
0.00355
0.00298
0.00193
0.00162
0.00326
-0.00054
0.00592
0.00791
0.00565
0.00898
0.00484
0.00622
0.00612
0.00617
0.00504
0.00666
0.00377
0.00453
0.00451
0.00422
0.00640
0.00478
0.00494
0.00535
0.00765
0.00364
0.00604
0.00737
0.00438
0.00049
0.00363
0.00240
0.00377
0.00291
0.00259
0.00272
0.00347
0.00279
0.00294
0.00648
0.00092
0.00548
0.00508
0.00734
0.00501
0.00459
0.00413
0.00573
0.00419
0.00470
0.00299
0.00433
0.00432
0.00446
-0.00020
0.00498
0.00241
-0.00105
-0.00076
0.00070
0.00649
0.00695
0.00016
0.00673
0.00595
0.00707
0.00666
0.00471
0.00340
0.00168
0.00334
0.00402
0.00395
0.00490
0.00511
0.00369
0.00525
0.00529
0.00543
0.00466
0.00628
0.00567
0.00584
0.00598
0.00531
0.00635
0.00271
0.00303
0.00987
0.00511
0.00906
0.00088
-0.00004
0.00324
0.00567
0.00393
0.00559
0.00370
0.00447
0.00255
0.00303
0.00350
0.00602
0.00308
0.00673
0.00751
0.00012
0.00068
0.00239
0.00090
0.00161
0.00379
0.00728
0.00776
0.00459
0.00709
0.00521
0.00884
0.00578
0.00647
0.00776
0.00201
0.00185
0.00183
0.00444
0.00240
0.00607
0.00690
0.00641
0.00561
0.00672
0.00579
0.00713
0.00284
0.00197
0.00226
0.00338
0.00715
0.00207
0.00794
0.00263
0.00628
0.00453
0.00640
0.00218
0.00082
0.00697
0.00708
0.00779
0.00745
0.00698
0.00572
0.00745
0.00570
0.00556
0.00179
0.00284
0.00202
0.00256
0.00169
0.00223
0.00276
0.00040
0.00740
0.00750
0.00535
0.00668
0.00871
0.00625
0.00873
0.00567
0.00568
0.00376
0.00342
0.00520
0.00385
0.00565
0.00657
0.00514
0.00582
0.00690
0.00640
0.00475
0.00608
0.00642
0.00538
0.00325
0.00244
0.00628
0.00391
0.00368
0.00211
0.00333
0.00458
0.00321
0.00275
0.00329
0.00523
0.00620
0.00958
0.00784
0.00724
0.00446
0.00581
0.00402
0.00529
0.00514
0.00517
0.00756
0.01263
0.00084
0.00768
-0.00081
0.00257
-0.00049
-0.00024
