1.23945
1.25232
1.27881
1.20977
1.24644
1.23686
1.21967
1.27917
1.23436
1.05589
1.23432
1.06611
1.27814
1.19863
1.26899
1.21936
1.26626
1.23863
1.24038
1.26418
1.20695
1.24313
1.22425
1.06211
1.24637
1.15082
1.21258
1.18744
1.19308
1.29806
1.29359
1.30755
1.27339
1.26730
1.27368
1.20808
1.26589
1.28553
1.27173
1.28506
1.21111
1.14890
1.20621
1.18883
1.28718
1.21795
1.25291
1.24382
1.24561
1.28549
1.08631
1.24757
1.22433
1.14033
1.23386
1.09851
1.20425
1.19107
1.16316
1.24635
1.30336
1.29679
1.30622
1.22260
1.19080
1.23661
1.17068
1.21413
1.20203
1.20061
1.22617
1.23171
1.23175
1.28613
1.21117
1.25873
1.22045
1.27329
1.24632
1.24895
1.26307
1.31018
1.20331
1.30057
1.22808
1.27998
1.27773
1.26963
1.25061
1.26671
1.27360
1.21868
1.28264
1.23859
1.27648
1.24603
1.24755
1.28156
1.21573
1.17333
1.21214
1.18460
1.22496
1.19112
1.19288
1.20373
1.18836
1.19492
1.22649
1.25635
1.22111
1.24645
1.19622
1.25530
1.22443
1.20938
1.19475
1.24344
1.21501
1.19802
1.22935
1.23358
1.29993
1.24749
1.24692
1.24758
1.31272
1.22763
1.28017
1.25911
1.23386
1.26525
1.10976
1.23886
1.11254
1.23004
1.20853
1.17294
1.21752
1.24325
1.19908
1.22284
1.21509
1.21083
1.22126
1.23487
1.03417
1.26601
1.22749
1.15923
1.15748
1.15695
1.23555
1.23954
1.25573
1.21224
1.25178
1.21024
1.21841
1.30307
1.24089
1.27518
1.06146
1.27803
1.06753
1.25921
1.19122
1.25511
1.23341
1.25447
1.21376
1.24081
1.25070
1.20669
1.22691
1.18421
1.21196
1.20999
1.09135
1.24091
1.12081
1.20264
1.17642
1.30767
1.30522
1.21472
1.26483
1.26235
1.28304
1.27685
1.28090
1.27663
1.28264
1.28446
1.12994
1.24371
1.18182
1.20382
1.26828
1.23426
1.29262
1.27480
1.26013
1.29391
1.21844
1.14151
1.23014
1.19983
1.10956
1.12964
1.23425
1.19755
1.17628
1.25971
1.19469
1.27829
1.29343
1.30220
1.18233
1.21791
1.21369
1.17458
1.18818
1.22098
1.20640
1.23877
1.19850
1.22713
1.20546
1.21606
1.26966
1.19748
1.27271
1.20562
1.21980
1.23133
1.25146
1.25007
1.18910
1.28354
1.21351
1.24198
1.26022
1.27529
1.24690
1.27293
1.25019
1.29624
1.27005
1.23841
1.28449
1.24153
1.27599
1.24169
1.26794
1.17736
1.20658
1.19567
1.17994
1.20181
1.19466
1.19060
1.18358
1.18820
1.20000
1.25045
1.21979
1.24169
1.20373
1.21455
1.18260
1.20694
1.18515
1.20372
1.22081
1.19330
1.18995
1.21171
1.30954
1.22520
1.29658
1.26436
1.25458
1.23593
1.23007
1.24250
1.22957
1.24319
1.08441
1.24851
1.12355
1.19330
1.25989
1.22483
1.21524
1.24418
1.19981
1.22514
1.20701
1.19075
1.20791
1.16682
1.04445
1.26556
1.12962
1.20298
1.14571
1.14904
