1.60085
1.60235
1.62475
1.52896
1.54588
1.57777
1.50061
1.56969
1.50617
1.21591
1.52363
1.29661
1.59787
1.48556
1.58533
1.52309
1.56941
1.58314
1.53661
1.60413
1.47986
1.55244
1.54681
1.30009
1.57714
1.42453
1.52163
1.47935
1.49572
1.60401
1.63407
1.59779
1.61341
1.54296
1.56359
1.43342
1.55341
1.62810
1.57292
1.59014
1.51179
1.34879
1.49984
1.46569
1.61718
1.45086
1.53638
1.50952
1.52853
1.59608
1.26248
1.56832
1.52592
1.43302
1.52384
1.38277
1.50416
1.50489
1.39488
1.49998
1.57469
1.58559
1.56606
1.53537
1.49260
1.56700
1.44281
1.51327
1.54055
1.49551
1.51470
1.49882
1.52632
1.57980
1.50277
1.52756
1.51802
1.56680
1.53903
1.56816
1.61086
1.54611
1.50122
1.52128
1.53440
1.55303
1.54200
1.57339
1.54073
1.55445
1.58585
1.52815
1.59845
1.56937
1.57123
1.55604
1.59060
1.56357
1.57022
1.48240
1.53535
1.48103
1.54030
1.49458
1.51501
1.52487
1.48483
1.50681
1.53366
1.53418
1.53901
1.52386
1.50976
1.55761
1.52571
1.48022
1.50553
1.54654
1.51116
1.48850
1.52072
1.52475
1.60321
1.54871
1.57386
1.58494
1.58515
1.52843
1.61946
1.58117
1.50887
1.60339
1.34116
1.50936
1.38555
1.54442
1.50694
1.47707
1.53510
1.57659
1.49965
1.53808
1.52308
1.54230
1.57209
1.47927
1.19583
1.52245
1.49844
1.27335
1.32371
1.31571
1.58246
1.57835
1.59972
1.54624
1.53926
1.48525
1.52754
1.59614
1.49737
1.55656
1.22501
1.59176
1.29708
1.55318
1.46035
1.54732
1.57129
1.54435
1.54015
1.52833
1.58293
1.53751
1.56323
1.45455
1.50143
1.50947
1.34753
1.54687
1.38534
1.49129
1.46165
1.60248
1.62872
1.43751
1.58661
1.52974
1.58768
1.54830
1.61378
1.58760
1.56783
1.56083
1.34471
1.54276
1.44569
1.51978
1.54316
1.46528
1.61081
1.53889
1.53809
1.59688
1.54551
1.35994
1.52429
1.50150
1.37399
1.42901
1.53954
1.49910
1.49821
1.52096
1.43614
1.60564
1.52888
1.56834
1.47197
1.50974
1.54569
1.45808
1.48489
1.56954
1.50599
1.51644
1.47675
1.51085
1.45647
1.53713
1.55307
1.47422
1.54385
1.49773
1.48643
1.52871
1.56380
1.60301
1.49335
1.49121
1.51346
1.50156
1.54401
1.49826
1.51143
1.54592
1.56511
1.60038
1.58745
1.54899
1.60035
1.53920
1.57383
1.57108
1.55308
1.44819
1.55547
1.51406
1.48845
1.50534
1.50191
1.51920
1.50198
1.48515
1.54786
1.57081
1.54052
1.50778
1.52875
1.50266
1.48518
1.46031
1.47437
1.49792
1.53337
1.46452
1.48422
1.49658
1.62767
1.51084
1.56611
1.54458
1.59741
1.53862
1.50490
1.57734
1.52731
1.55360
1.33612
1.53460
1.39460
1.49080
1.56363
1.55267
1.56547
1.56088
1.49236
1.54024
1.50040
1.49163
1.54897
1.41497
1.20064
1.50648
1.26347
1.47268
1.30163
1.29613
