1.07775
1.09391
1.12322
1.06391
1.10286
1.09000
1.07630
1.16324
1.12724
0.95769
1.08790
0.95827
1.13138
1.05785
1.11658
1.08362
1.12731
1.08924
1.10065
1.12313
1.07159
1.09538
1.08104
0.93535
1.08879
1.01034
1.05752
1.04450
1.04349
1.14884
1.14558
1.18204
1.12792
1.16420
1.13525
1.12425
1.13647
1.16996
1.16592
1.15818
1.07538
1.04209
1.07241
1.05324
1.15213
1.12228
1.12124
1.13293
1.13448
1.15548
1.00023
1.09470
1.09131
0.98674
1.08027
0.96080
1.03549
1.02407
1.04142
1.11304
1.18715
1.16075
1.19116
1.06847
1.03687
1.07705
1.03118
1.06114
1.05270
1.11695
1.12922
1.14507
1.07232
1.17848
1.07840
1.16690
1.12062
1.15648
1.13796
1.09284
1.11997
1.21002
1.04600
1.20911
1.07254
1.15891
1.16007
1.12759
1.11772
1.14067
1.12413
1.08974
1.14562
1.08773
1.14195
1.10753
1.10189
1.12596
1.07222
1.03650
1.06244
1.04447
1.07435
1.05420
1.05141
1.05838
1.04928
1.05224
1.06998
1.12280
1.06153
1.10600
1.03592
1.11117
1.06423
1.06945
1.04241
1.09226
1.06209
1.05432
1.07607
1.11570
1.17610
1.12240
1.11808
1.12359
1.19099
1.09697
1.15293
1.13341
1.10637
1.12455
0.98264
1.08306
0.97787
1.07743
1.06703
1.03660
1.07889
1.08478
1.04942
1.06191
1.06045
1.05969
1.07549
1.08478
0.92745
1.15096
1.10350
1.07497
1.06360
1.06608
1.06926
1.07796
1.10370
1.07156
1.10800
1.06457
1.07874
1.18293
1.13810
1.16710
0.95922
1.14104
0.95905
1.11421
1.05993
1.11316
1.08114
1.11809
1.06250
1.10512
1.11022
1.07351
1.07982
1.04216
1.07768
1.05732
0.95871
1.09505
0.98365
1.06158
1.04419
1.16510
1.16249
1.12684
1.12610
1.15599
1.16930
1.13719
1.15345
1.15752
1.16662
1.14665
1.01679
1.10289
1.04144
1.07579
1.14389
1.13668
1.15647
1.15906
1.14965
1.15927
1.06558
1.02514
1.08746
1.03464
0.96554
0.97544
1.08093
1.03669
1.00749
1.13268
1.07458
1.15238
1.17758
1.18846
1.02269
1.06406
1.05993
1.03655
1.04481
1.06771
1.05728
1.13932
1.11250
1.13155
1.13169
1.06301
1.16945
1.07527
1.16307
1.09497
1.13537
1.12639
1.09891
1.10432
1.03640
1.19394
1.05930
1.12605
1.12807
1.18245
1.11475
1.16405
1.12159
1.13578
1.12489
1.10465
1.16503
1.10628
1.14315
1.09625
1.10630
1.03754
1.06059
1.05310
1.04633
1.05637
1.05152
1.04849
1.04508
1.05209
1.06157
1.10157
1.05352
1.11194
1.04036
1.08229
1.03068
1.07215
1.03325
1.06763
1.06310
1.04982
1.04866
1.06178
1.18863
1.11128
1.17028
1.14195
1.12994
1.11312
1.10550
1.11294
1.10336
1.12200
0.95392
1.09918
0.98596
1.03700
1.10597
1.07480
1.07690
1.09517
1.05883
1.06806
1.04704
1.04110
1.05703
1.02113
0.94404
1.14715
1.03297
1.08544
1.05179
1.05777
