1.66801
1.66927
1.70040
1.59673
1.61207
1.65492
1.56197
1.62260
1.56365
1.24366
1.57382
1.33916
1.66114
1.54022
1.64041
1.58283
1.62377
1.64769
1.59043
1.66818
1.52895
1.60390
1.60517
1.35030
1.63647
1.47784
1.57616
1.53610
1.54855
1.66157
1.70216
1.65412
1.67241
1.59525
1.61727
1.47373
1.60879
1.69075
1.62926
1.64659
1.57590
1.39146
1.56361
1.52729
1.67674
1.49653
1.57567
1.55393
1.57252
1.65437
1.29717
1.62814
1.58407
1.48995
1.57206
1.43720
1.55895
1.56248
1.43114
1.53613
1.62868
1.64675
1.62633
1.59566
1.55095
1.63637
1.49948
1.56967
1.61176
1.54796
1.56553
1.55845
1.58408
1.64172
1.55962
1.58978
1.57862
1.62948
1.60383
1.63019
1.68925
1.59935
1.56291
1.57239
1.59946
1.61520
1.60158
1.63929
1.60287
1.61618
1.64615
1.58705
1.65941
1.62646
1.62733
1.61213
1.65857
1.62459
1.64136
1.53669
1.59899
1.53958
1.60069
1.55186
1.57980
1.58521
1.53664
1.56581
1.58890
1.59913
1.60216
1.58490
1.57101
1.62200
1.59310
1.53803
1.57228
1.61178
1.57768
1.55306
1.58641
1.58090
1.66158
1.60518
1.63957
1.65177
1.63633
1.58666
1.68553
1.64273
1.55866
1.67175
1.39046
1.55655
1.43777
1.60550
1.55682
1.53642
1.59710
1.63855
1.55406
1.59680
1.57638
1.60691
1.64459
1.52178
1.23013
1.57647
1.55777
1.30186
1.36176
1.35251
1.65287
1.64182
1.67348
1.61996
1.60037
1.54351
1.59540
1.65997
1.54869
1.60804
1.25689
1.65380
1.33961
1.61126
1.51151
1.60199
1.63420
1.59683
1.59958
1.58021
1.64794
1.60534
1.62249
1.50227
1.55568
1.56185
1.39809
1.60412
1.43953
1.54572
1.51852
1.65893
1.69552
1.47997
1.64699
1.58098
1.64798
1.59951
1.67711
1.64762
1.61980
1.61124
1.38915
1.60434
1.50754
1.58370
1.58386
1.51042
1.66632
1.58310
1.58725
1.65615
1.60746
1.40227
1.57950
1.55788
1.42478
1.48560
1.59360
1.55179
1.55939
1.55518
1.47130
1.67350
1.58451
1.62406
1.53092
1.56625
1.61555
1.51482
1.54066
1.64022
1.56725
1.56140
1.53176
1.55996
1.51802
1.60029
1.61500
1.53132
1.60164
1.55671
1.55663
1.59379
1.62760
1.67354
1.55259
1.53861
1.58116
1.56217
1.60431
1.54657
1.56800
1.60582
1.63402
1.65907
1.64771
1.60972
1.66499
1.59230
1.62837
1.63292
1.61460
1.49880
1.62280
1.57800
1.54607
1.56662
1.55973
1.58072
1.56204
1.53859
1.61285
1.63970
1.59958
1.57045
1.59383
1.56491
1.55026
1.51903
1.53629
1.56250
1.60323
1.52585
1.55045
1.56320
1.68906
1.56801
1.61977
1.59484
1.66414
1.60139
1.55821
1.64400
1.58496
1.61342
1.38671
1.58952
1.44241
1.54570
1.62653
1.61675
1.63734
1.62252
1.54896
1.59891
1.54921
1.55028
1.61556
1.45943
1.23469
1.55718
1.29514
1.52747
1.33666
1.32863
