0.62240
0.61557
0.68868
0.55892
0.58213
0.59018
0.54052
0.61846
0.60123
0.67196
0.65105
0.64193
0.62632
0.65964
0.64364
0.55773
0.60711
0.61525
0.56427
0.62103
0.54637
0.59347
0.57316
0.60578
0.64683
0.63498
0.63626
0.67258
0.65679
0.77519
0.74378
0.61608
0.64834
0.63402
0.62840
0.63467
0.63202
0.63696
0.65196
0.63713
0.64060
0.67579
0.61083
0.59751
0.65611
0.59586
0.68311
0.64277
0.65995
0.64545
0.67988
0.60671
0.65391
0.58458
0.61279
0.59006
0.62133
0.60318
0.63317
0.66900
0.50770
0.60278
0.57777
0.53595
0.57504
0.57404
0.56329
0.52348
0.55401
0.58972
0.60922
0.51443
0.57951
0.51974
0.54705
0.55579
0.56932
0.54827
0.55698
0.65774
0.73759
0.58176
0.55291
0.55979
0.57089
0.57772
0.59025
0.55431
0.57305
0.57244
0.64484
0.50801
0.61949
0.60405
0.59213
0.58611
0.63427
0.69054
0.57957
0.55216
0.56824
0.61788
0.54396
0.60356
0.56019
0.56708
0.54737
0.55733
0.58918
0.55259
0.58714
0.54505
0.53753
0.59033
0.58194
0.52966
0.52733
0.58380
0.54502
0.54970
0.55994
0.53873
0.58633
0.54464
0.55516
0.57564
0.57417
0.52525
0.61585
0.55995
0.52430
0.59954
0.56140
0.57449
0.54023
0.59679
0.58417
0.57017
0.55955
0.61393
0.56415
0.56505
0.57123
0.56285
0.58761
0.61846
0.62554
0.59495
0.61307
0.71839
0.68512
0.64577
0.61782
0.59821
0.65553
0.61553
0.56251
0.51636
0.55441
0.61117
0.65830
0.65119
0.66213
0.65256
0.62274
0.65890
0.67142
0.66836
0.60515
0.61856
0.57745
0.58033
0.62210
0.57183
0.58848
0.53356
0.55625
0.57061
0.60367
0.65529
0.62481
0.65499
0.66158
0.79134
0.74670
0.65356
0.64317
0.63632
0.62441
0.63747
0.63049
0.65667
0.64257
0.61712
0.66040
0.65506
0.58731
0.63153
0.68345
0.65842
0.67592
0.67705
0.68165
0.65425
0.59067
0.64729
0.65035
0.58261
0.58329
0.55390
0.61988
0.61797
0.57857
0.68661
0.65337
0.59141
0.57123
0.55958
0.56050
0.52729
0.57961
0.57859
0.54699
0.55972
0.51845
0.65788
0.61247
0.59536
0.50193
0.56845
0.52919
0.53970
0.53848
0.55518
0.54225
0.53690
0.65932
0.73425
0.54759
0.55727
0.54668
0.57328
0.55598
0.59937
0.54647
0.56816
0.60241
0.65935
0.65470
0.53550
0.62477
0.58728
0.61342
0.62070
0.70315
0.59690
0.58828
0.55882
0.57086
0.53962
0.56669
0.55545
0.56030
0.55977
0.57493
0.60215
0.55764
0.53353
0.57545
0.55122
0.53936
0.52669
0.52339
0.55595
0.57287
0.52908
0.54280
0.54786
0.61154
0.50548
0.55625
0.54965
0.59846
0.50990
0.52514
0.57049
0.50509
0.54627
0.51980
0.55018
0.52896
0.54484
0.56837
0.55685
0.57874
0.59692
0.54288
0.55845
0.56520
0.52921
0.54436
0.60829
0.64728
0.57307
0.68029
0.60404
0.66552
0.66228
