0.00268
0.00094
0.00030
0.00273
0.00332
0.00277
0.00336
0.00061
0.00224
0.00226
0.00164
0.00029
0.00237
0.00123
0.00080
0.00122
0.00122
0.00062
0.00189
0.00039
0.00096
0.00042
0.00111
0.00216
-0.00033
0.00276
0.00009
0.00211
0.00185
-0.00082
-0.00027
0.00212
0.00083
0.00128
0.00102
0.00029
0.00188
0.00042
-0.00049
0.00138
0.00450
-0.00028
0.00322
0.00136
0.00073
-0.00030
-0.00030
0.00000
0.00053
0.00145
0.00241
0.00315
0.00480
0.00267
-0.00022
0.00279
0.00175
0.00347
0.00120
0.00083
-0.00027
0.00282
-0.00068
0.00352
0.00174
0.00202
0.00330
0.00307
0.00206
-0.00137
0.00116
0.00055
0.00253
-0.00029
0.00198
0.00167
0.00156
0.00050
0.00148
-0.00034
0.00053
0.00120
0.00061
0.00443
0.00184
0.00326
0.00294
0.00294
0.00229
0.00344
0.00057
-0.00154
0.00151
0.00054
-0.00072
-0.00131
0.00004
-0.00165
0.00235
0.00375
0.00157
0.00448
0.00219
0.00196
0.00264
0.00263
0.00185
0.00381
-0.00066
0.00206
0.00123
0.00352
0.00284
0.00201
0.00228
0.00272
0.00368
0.00111
0.00265
0.00378
0.00169
-0.00166
0.00081
-0.00067
0.00113
0.00041
-0.00012
-0.00083
0.00067
0.00089
0.00133
0.00267
0.00000
0.00245
0.00323
0.00506
0.00212
0.00132
0.00092
0.00244
0.00163
0.00068
0.00016
0.00072
0.00065
0.00059
-0.00090
0.00346
0.00057
-0.00147
-0.00105
0.00061
0.00386
0.00343
0.00050
0.00147
0.00241
0.00345
0.00323
0.00052
0.00043
-0.00023
0.00241
0.00187
0.00164
0.00219
0.00310
0.00191
0.00212
0.00251
0.00222
0.00193
0.00196
0.00141
0.00250
0.00334
0.00261
0.00294
0.00174
0.00031
0.00395
0.00238
0.00521
0.00004
-0.00051
-0.00072
0.00242
0.00181
0.00206
0.00150
0.00135
0.00113
0.00195
0.00206
0.00331
0.00067
0.00343
0.00421
-0.00208
-0.00154
0.00054
0.00033
-0.00031
0.00140
0.00526
0.00437
0.00312
0.00458
0.00146
0.00428
0.00270
0.00266
0.00383
0.00074
0.00019
-0.00011
0.00287
0.00019
0.00279
0.00435
0.00216
0.00385
0.00333
0.00240
0.00367
-0.00066
-0.00081
0.00020
-0.00044
0.00283
-0.00097
0.00276
0.00107
0.00120
0.00144
0.00210
0.00094
-0.00074
0.00258
0.00324
0.00359
0.00492
0.00405
0.00409
0.00386
0.00225
0.00185
0.00073
0.00057
-0.00054
0.00046
-0.00030
0.00034
0.00087
0.00084
0.00587
0.00486
0.00178
0.00462
0.00404
0.00217
0.00458
0.00111
0.00229
0.00170
0.00137
0.00117
0.00236
0.00193
0.00354
0.00135
0.00317
0.00249
0.00241
0.00165
0.00356
0.00169
0.00210
0.00129
-0.00007
0.00225
0.00108
0.00113
-0.00064
0.00085
0.00080
0.00119
-0.00047
0.00107
0.00272
0.00301
0.00499
0.00448
0.00492
0.00111
0.00282
0.00133
0.00239
0.00229
0.00232
0.00298
0.00542
-0.00160
0.00551
-0.00111
0.00207
-0.00065
0.00001
