0.00577
0.00304
0.00007
0.00798
0.00671
0.00593
0.00751
0.00357
0.00398
0.00232
0.00355
0.00413
0.00511
0.00316
0.00324
0.00415
0.00376
0.00288
0.00581
0.00238
0.00496
0.00328
0.00309
0.00480
0.00176
0.00508
0.00124
0.00448
0.00349
0.00147
0.00126
0.00540
0.00358
0.00199
0.00472
0.00219
0.00440
0.00325
0.00011
0.00453
0.00624
0.00044
0.00601
0.00347
0.00249
0.00027
0.00281
0.00202
0.00148
0.00430
0.00424
0.00563
0.00683
0.00554
0.00124
0.00476
0.00548
0.00716
0.00230
0.00226
0.00321
0.00552
0.00226
0.00672
0.00375
0.00493
0.00639
0.00639
0.00609
-0.00003
0.00217
0.00329
0.00553
0.00313
0.00509
0.00277
0.00492
0.00314
0.00473
0.00200
0.00197
0.00262
0.00420
0.00502
0.00542
0.00538
0.00524
0.00582
0.00554
0.00549
0.00191
0.00229
0.00369
0.00286
0.00183
0.00170
0.00298
-0.00064
0.00587
0.00704
0.00591
0.00865
0.00519
0.00579
0.00602
0.00664
0.00512
0.00678
0.00379
0.00518
0.00433
0.00558
0.00678
0.00469
0.00506
0.00585
0.00770
0.00400
0.00660
0.00769
0.00410
0.00121
0.00355
0.00259
0.00414
0.00371
0.00290
0.00291
0.00343
0.00370
0.00306
0.00563
0.00109
0.00518
0.00502
0.00729
0.00478
0.00380
0.00424
0.00608
0.00446
0.00409
0.00339
0.00405
0.00446
0.00377
-0.00051
0.00422
0.00227
-0.00165
-0.00184
0.00061
0.00665
0.00691
0.00041
0.00610
0.00666
0.00714
0.00726
0.00479
0.00306
0.00157
0.00273
0.00384
0.00325
0.00465
0.00506
0.00376
0.00556
0.00555
0.00520
0.00465
0.00642
0.00567
0.00578
0.00613
0.00512
0.00648
0.00289
0.00288
0.00803
0.00466
0.00827
0.00080
0.00096
0.00264
0.00534
0.00365
0.00522
0.00347
0.00468
0.00341
0.00335
0.00341
0.00507
0.00249
0.00650
0.00781
-0.00021
0.00114
0.00277
0.00157
0.00180
0.00464
0.00798
0.00726
0.00485
0.00738
0.00430
0.00796
0.00613
0.00613
0.00729
0.00240
0.00195
0.00216
0.00515
0.00260
0.00582
0.00727
0.00593
0.00551
0.00681
0.00559
0.00693
0.00236
0.00171
0.00254
0.00309
0.00606
0.00205
0.00716
0.00338
0.00556
0.00425
0.00652
0.00249
0.00096
0.00651
0.00701
0.00718
0.00801
0.00677
0.00624
0.00793
0.00561
0.00546
0.00206
0.00266
0.00244
0.00283
0.00195
0.00251
0.00258
0.00053
0.00731
0.00813
0.00578
0.00656
0.00829
0.00625
0.00851
0.00517
0.00533
0.00438
0.00365
0.00501
0.00424
0.00563
0.00695
0.00478
0.00580
0.00664
0.00624
0.00452
0.00626
0.00609
0.00560
0.00339
0.00300
0.00610
0.00416
0.00399
0.00218
0.00360
0.00476
0.00371
0.00317
0.00264
0.00502
0.00523
0.00833
0.00741
0.00742
0.00468
0.00557
0.00423
0.00531
0.00550
0.00503
0.00731
0.01165
0.00037
0.00827
-0.00126
0.00293
-0.00082
-0.00067
