0.00246
0.00473
0.00289
0.00670
0.00152
0.00030
0.00397
0.00416
0.00431
0.01003
0.00370
0.01080
0.00275
0.00647
0.00138
0.00265
0.00301
0.00301
0.00447
0.00149
0.00519
0.00193
0.00046
0.00868
-0.00406
0.00830
0.00272
0.00768
0.00329
-0.00316
-0.00066
0.00553
0.00024
0.00316
0.00694
0.00551
0.00648
0.00512
0.00267
0.00359
0.00651
0.00590
0.00307
0.00238
-0.00060
-0.00220
-0.00070
0.00060
-0.00020
0.00161
0.00697
0.00721
0.00660
0.00699
0.00221
0.00901
0.00848
0.01056
0.00550
0.00382
0.00126
-0.00022
-0.00289
0.00312
0.00273
0.00252
0.00405
0.00485
0.00513
0.00102
0.00077
-0.00193
0.00356
-0.00025
0.00521
0.00052
0.00490
0.00418
0.00158
0.00217
0.00045
-0.00165
0.00525
-0.00055
0.00232
-0.00087
0.00240
-0.00191
0.00157
0.00022
-0.00015
0.00184
0.00133
0.00189
-0.00064
0.00246
0.00116
-0.00198
0.00253
0.00962
0.00076
0.00855
0.00497
0.01103
0.00730
0.00108
0.00348
0.00686
0.00242
0.00033
0.00627
0.00024
0.00503
0.00063
0.00375
-0.00050
0.00596
0.00197
0.00378
0.00605
0.00076
0.00011
0.00525
0.00389
0.00161
-0.00052
0.00274
-0.00325
0.00223
0.00076
0.00341
0.00437
0.00649
0.00612
0.00495
0.00997
0.01023
0.00788
0.00209
0.00457
0.00471
0.00568
0.00046
0.00159
0.00024
0.00299
0.00486
0.00704
0.00195
0.00545
0.00310
0.00412
0.00438
0.00526
0.00197
0.00760
0.00172
0.00594
0.00247
0.00372
0.00694
0.00317
0.00892
0.00472
0.00648
0.00483
0.00937
0.00525
0.00556
0.00639
0.00371
0.00269
0.00561
0.00202
0.00565
0.00788
0.00452
0.00446
0.00518
0.00408
0.01410
0.00630
0.01151
-0.00197
-0.00092
0.00485
0.00719
0.00879
0.00474
0.00643
0.00481
0.00299
0.00622
0.00388
0.01128
0.00611
0.00948
0.01015
0.00051
0.00129
0.00160
-0.00018
0.00114
0.00111
0.00744
0.01315
0.00470
0.00943
0.01074
0.01141
0.00552
0.00724
0.01080
0.00330
0.00628
0.00033
0.00154
0.00168
0.00461
0.00884
0.00688
0.00607
0.00939
0.00528
0.00722
0.00242
0.00156
-0.00118
0.00274
0.00609
0.00231
0.01068
0.00235
0.00624
0.00242
0.00333
0.00316
0.00056
0.00869
0.00554
0.00643
0.00338
0.00664
0.00206
0.00440
0.00256
0.00122
-0.00242
0.00050
-0.00132
0.00289
0.00173
0.00251
0.00143
0.00239
0.01039
0.00556
0.00397
0.00750
0.01023
0.00701
0.01025
0.00714
0.00840
0.00267
0.00205
0.00051
0.00100
0.00756
0.00337
0.00578
0.00594
0.00710
0.00677
0.00593
0.00364
0.00749
0.00821
0.00412
0.00086
0.00608
0.00540
0.00381
-0.00069
0.00197
0.00145
0.00095
0.00190
0.00861
0.00684
0.01027
0.01135
0.00541
0.01114
0.00504
0.00399
0.00346
0.00533
0.00520
0.00213
0.00667
0.01249
0.00699
0.00969
0.00682
0.00450
0.00368
0.00598
