0.73662
0.74748
0.74879
0.71543
0.73903
0.73653
0.74086
0.77826
0.73257
0.73732
0.75624
0.71020
0.74678
0.73741
0.75237
0.73105
0.74615
0.74188
0.73297
0.75440
0.72967
0.73801
0.72950
0.68460
0.73825
0.71779
0.72422
0.74121
0.73192
0.83839
0.80335
0.77327
0.75223
0.75761
0.76882
0.77190
0.75870
0.75930
0.77353
0.75931
0.70888
0.75942
0.73185
0.73173
0.76426
0.74957
0.78166
0.76235
0.77263
0.76090
0.75868
0.71206
0.72305
0.69298
0.74215
0.68570
0.72454
0.71288
0.74752
0.78904
0.77903
0.77338
0.80659
0.72215
0.71653
0.73486
0.68902
0.71322
0.70621
0.75347
0.77651
0.75889
0.72968
0.77938
0.72194
0.77221
0.74900
0.76421
0.76977
0.74582
0.77963
0.84382
0.72481
0.85452
0.74190
0.79266
0.79728
0.76546
0.76515
0.78787
0.76650
0.73295
0.76466
0.73868
0.76201
0.74036
0.74915
0.76439
0.71420
0.68954
0.71026
0.69900
0.72154
0.69963
0.69610
0.69126
0.70007
0.68838
0.70565
0.75549
0.70158
0.74178
0.67543
0.74659
0.70346
0.73092
0.68975
0.73381
0.71115
0.71195
0.71868
0.74485
0.75332
0.75711
0.74178
0.74741
0.79030
0.74268
0.75405
0.74589
0.73736
0.76310
0.70167
0.75343
0.69034
0.73188
0.74212
0.71710
0.72832
0.74450
0.71140
0.73306
0.73426
0.72884
0.73499
0.73899
0.71542
0.79141
0.74810
0.81224
0.76460
0.74517
0.73608
0.73817
0.72968
0.73550
0.74058
0.72106
0.72322
0.78695
0.77002
0.79133
0.72632
0.76316
0.69345
0.75795
0.74763
0.77039
0.73960
0.74696
0.72514
0.73686
0.75102
0.72398
0.72355
0.70962
0.71928
0.72197
0.68652
0.74862
0.70462
0.73407
0.72651
0.85575
0.81835
0.78222
0.75406
0.76558
0.76523
0.76002
0.75393
0.76453
0.76349
0.76096
0.73544
0.73476
0.72406
0.72548
0.79695
0.77949
0.77792
0.78398
0.79428
0.77670
0.69086
0.74044
0.72286
0.71640
0.69037
0.68060
0.73709
0.71735
0.69950
0.79999
0.75434
0.76398
0.79763
0.79525
0.70451
0.72503
0.72570
0.69467
0.70398
0.71261
0.71015
0.81075
0.75809
0.77634
0.75150
0.71627
0.77572
0.71680
0.76913
0.73151
0.73905
0.74384
0.74608
0.78198
0.70927
0.85250
0.72394
0.77033
0.76797
0.83252
0.76801
0.79451
0.75228
0.77469
0.77027
0.73786
0.77362
0.74577
0.76534
0.74440
0.76214
0.68632
0.68961
0.70168
0.68819
0.71263
0.69422
0.70061
0.69424
0.70070
0.69075
0.73043
0.69782
0.74557
0.69232
0.72783
0.68314
0.72835
0.68805
0.71685
0.70586
0.71163
0.70869
0.71096
0.76660
0.73487
0.76824
0.75857
0.74130
0.74209
0.73695
0.74147
0.73662
0.74827
0.68843
0.75095
0.69332
0.71817
0.74442
0.71415
0.72261
0.74422
0.71257
0.72976
0.71784
0.70180
0.72412
0.70696
0.74059
0.77312
0.77667
0.72863
0.75076
0.75559
