0.66288
0.66315
0.70801
0.61797
0.64005
0.64670
0.61556
0.67024
0.63707
0.69478
0.68608
0.66311
0.66033
0.68330
0.67661
0.61660
0.65124
0.66032
0.62142
0.66721
0.60990
0.64351
0.63044
0.63088
0.67522
0.66321
0.66116
0.69335
0.67908
0.80099
0.75876
0.66550
0.68061
0.67596
0.67112
0.67912
0.66703
0.67237
0.68820
0.67581
0.65753
0.70215
0.65422
0.64721
0.68838
0.63818
0.71383
0.67326
0.69337
0.67548
0.70682
0.64014
0.67399
0.61850
0.65642
0.62074
0.65597
0.64333
0.67636
0.71379
0.60518
0.66533
0.66158
0.60814
0.63069
0.63500
0.60592
0.59482
0.60847
0.64118
0.66211
0.59948
0.63721
0.61059
0.60962
0.62953
0.62917
0.62143
0.63062
0.68877
0.75272
0.68183
0.62051
0.67515
0.64006
0.65618
0.66562
0.63455
0.64419
0.65551
0.68970
0.59246
0.67129
0.64912
0.65020
0.63470
0.67096
0.71540
0.62818
0.59855
0.61985
0.64217
0.61039
0.63224
0.60902
0.60777
0.59926
0.60003
0.62971
0.62953
0.63047
0.62045
0.58905
0.65275
0.62777
0.60956
0.59212
0.64090
0.60891
0.61309
0.62148
0.61464
0.63610
0.62317
0.62366
0.63764
0.65161
0.60562
0.65784
0.62751
0.60083
0.65658
0.62110
0.63794
0.59712
0.64473
0.64351
0.62573
0.62161
0.66184
0.61380
0.62734
0.63115
0.62517
0.64515
0.66471
0.66030
0.66538
0.66140
0.75296
0.71512
0.68189
0.66226
0.64964
0.67971
0.66104
0.62767
0.59755
0.61753
0.66962
0.68619
0.69283
0.68282
0.68747
0.64323
0.68808
0.69435
0.70345
0.65343
0.66105
0.63243
0.63457
0.66543
0.62592
0.63384
0.59771
0.61523
0.62471
0.62918
0.68258
0.65091
0.67733
0.67967
0.81788
0.76896
0.69295
0.67450
0.67880
0.66696
0.67587
0.66583
0.68643
0.67684
0.66597
0.68476
0.67836
0.63819
0.66251
0.71996
0.69226
0.70727
0.70421
0.71599
0.68971
0.62316
0.67908
0.67034
0.63511
0.61548
0.59724
0.65762
0.64977
0.62328
0.73080
0.69150
0.65556
0.65394
0.64319
0.61665
0.60596
0.63691
0.61733
0.60174
0.61782
0.58846
0.71114
0.65648
0.65462
0.59061
0.62442
0.61695
0.60297
0.62339
0.61498
0.60739
0.60835
0.68956
0.74886
0.61169
0.67120
0.61643
0.64526
0.63812
0.68584
0.63433
0.65468
0.65046
0.70273
0.69478
0.61089
0.67661
0.64446
0.66602
0.66577
0.72444
0.62374
0.62053
0.60815
0.60875
0.60475
0.60955
0.60576
0.60727
0.60830
0.61181
0.64947
0.60792
0.61237
0.61476
0.61529
0.59318
0.60456
0.58690
0.61613
0.62249
0.59958
0.60602
0.61114
0.65849
0.58777
0.62935
0.62329
0.64609
0.59477
0.60496
0.63161
0.59117
0.61958
0.58729
0.62477
0.59110
0.61325
0.63179
0.61628
0.63010
0.65162
0.60250
0.62612
0.61943
0.59275
0.61335
0.64281
0.68622
0.64533
0.71721
0.64747
0.69488
0.69710
