0.00103
-0.00102
0.00019
0.00055
-0.00075
0.00021
0.00043
-0.00133
0.00073
0.00095
0.00097
0.00013
0.00140
0.00057
0.00066
0.00026
-0.00047
-0.00148
-0.00001
-0.00114
-0.00138
-0.00120
-0.00091
0.00152
-0.00187
0.00173
-0.00016
0.00108
0.00124
-0.00293
-0.00230
-0.00042
-0.00084
-0.00047
-0.00021
-0.00080
0.00093
-0.00059
0.00038
-0.00047
0.00349
-0.00054
0.00282
0.00046
0.00009
0.00052
-0.00286
-0.00204
-0.00121
-0.00037
0.00101
0.00158
0.00357
0.00233
-0.00067
0.00177
0.00098
0.00192
0.00011
0.00024
-0.00217
-0.00083
-0.00296
0.00015
-0.00056
0.00036
0.00120
0.00108
0.00103
-0.00266
-0.00075
-0.00198
0.00018
-0.00234
-0.00130
-0.00214
-0.00032
-0.00258
-0.00046
-0.00307
-0.00078
-0.00135
-0.00032
0.00010
-0.00036
-0.00045
-0.00064
-0.00003
-0.00032
-0.00002
-0.00076
-0.00331
-0.00160
-0.00162
-0.00332
-0.00464
-0.00232
-0.00244
0.00081
0.00241
-0.00061
0.00203
0.00064
0.00048
0.00065
0.00028
0.00077
0.00194
-0.00427
-0.00101
-0.00091
-0.00013
-0.00138
-0.00082
-0.00029
-0.00122
-0.00044
-0.00010
-0.00066
-0.00066
0.00029
-0.00486
-0.00070
-0.00408
-0.00119
-0.00320
-0.00325
-0.00418
-0.00167
-0.00317
-0.00224
0.00106
-0.00334
0.00067
0.00155
0.00288
0.00029
-0.00064
-0.00162
0.00026
-0.00074
-0.00079
-0.00136
-0.00107
-0.00279
-0.00105
-0.00229
0.00157
-0.00043
-0.00222
-0.00239
-0.00048
0.00149
0.00103
0.00033
-0.00161
-0.00091
-0.00046
-0.00027
-0.00194
-0.00006
-0.00130
0.00092
0.00013
0.00128
0.00099
0.00274
0.00113
0.00135
0.00039
0.00031
0.00058
0.00008
-0.00115
0.00120
0.00183
-0.00136
0.00157
0.00092
-0.00021
0.00218
0.00173
0.00398
-0.00282
-0.00111
-0.00316
0.00023
0.00231
-0.00102
0.00049
0.00014
-0.00103
0.00122
0.00185
0.00252
0.00027
0.00240
0.00368
-0.00431
-0.00448
-0.00076
-0.00041
-0.00326
-0.00038
0.00301
0.00367
0.00216
0.00304
0.00114
0.00331
0.00103
0.00153
0.00140
-0.00072
-0.00099
-0.00319
-0.00046
-0.00151
0.00123
0.00127
0.00062
0.00163
0.00115
0.00034
0.00216
-0.00449
-0.00254
-0.00168
-0.00221
0.00083
-0.00408
-0.00102
-0.00265
-0.00145
-0.00140
-0.00003
-0.00093
-0.00317
0.00092
-0.00117
0.00111
-0.00013
0.00086
-0.00036
-0.00059
-0.00138
-0.00181
-0.00036
-0.00170
-0.00367
-0.00121
-0.00351
-0.00222
-0.00191
-0.00025
0.00395
0.00301
-0.00051
0.00272
0.00082
0.00021
0.00289
-0.00096
0.00077
0.00016
-0.00174
-0.00151
-0.00059
0.00006
-0.00062
-0.00244
-0.00007
-0.00104
-0.00137
-0.00012
-0.00110
-0.00121
-0.00080
-0.00067
-0.00275
0.00004
-0.00204
-0.00170
-0.00329
-0.00355
-0.00202
-0.00168
-0.00253
-0.00069
0.00099
0.00214
0.00316
0.00139
0.00247
-0.00139
0.00091
0.00015
0.00019
0.00029
0.00017
0.00087
0.00239
-0.00304
0.00086
-0.00225
0.00012
-0.00168
-0.00137
