0.00330
0.00150
0.00015
0.00384
0.00454
0.00361
0.00470
0.00118
0.00243
0.00249
0.00208
0.00090
0.00296
0.00162
0.00118
0.00171
0.00189
0.00135
0.00285
0.00076
0.00209
0.00112
0.00164
0.00264
0.00036
0.00327
0.00011
0.00259
0.00214
0.00025
0.00061
0.00305
0.00127
0.00154
0.00162
0.00052
0.00237
0.00100
-0.00043
0.00209
0.00475
-0.00029
0.00362
0.00173
0.00106
-0.00013
0.00066
0.00060
0.00124
0.00237
0.00286
0.00391
0.00551
0.00312
0.00011
0.00314
0.00198
0.00404
0.00136
0.00123
0.00043
0.00379
0.00021
0.00437
0.00214
0.00284
0.00387
0.00408
0.00294
-0.00050
0.00129
0.00181
0.00311
0.00099
0.00325
0.00240
0.00277
0.00171
0.00253
0.00070
0.00061
0.00238
0.00104
0.00550
0.00274
0.00410
0.00367
0.00406
0.00284
0.00422
0.00105
-0.00065
0.00228
0.00114
0.00022
-0.00033
0.00116
-0.00139
0.00313
0.00423
0.00258
0.00544
0.00320
0.00295
0.00352
0.00381
0.00244
0.00433
0.00102
0.00308
0.00197
0.00425
0.00374
0.00286
0.00284
0.00369
0.00496
0.00147
0.00370
0.00495
0.00221
-0.00059
0.00147
0.00029
0.00208
0.00137
0.00081
0.00007
0.00157
0.00200
0.00225
0.00295
0.00077
0.00314
0.00359
0.00575
0.00250
0.00186
0.00177
0.00291
0.00221
0.00155
0.00087
0.00155
0.00150
0.00127
-0.00126
0.00370
0.00078
-0.00166
-0.00094
0.00049
0.00452
0.00432
0.00062
0.00262
0.00392
0.00495
0.00448
0.00152
0.00110
0.00012
0.00267
0.00265
0.00199
0.00257
0.00317
0.00211
0.00312
0.00302
0.00319
0.00259
0.00323
0.00247
0.00340
0.00371
0.00332
0.00366
0.00181
0.00085
0.00486
0.00287
0.00581
0.00057
-0.00013
0.00019
0.00314
0.00230
0.00315
0.00213
0.00197
0.00200
0.00258
0.00245
0.00390
0.00096
0.00421
0.00472
-0.00118
-0.00044
0.00100
0.00080
0.00020
0.00254
0.00622
0.00506
0.00351
0.00509
0.00158
0.00487
0.00345
0.00338
0.00454
0.00140
0.00037
0.00079
0.00368
0.00072
0.00357
0.00503
0.00306
0.00409
0.00399
0.00304
0.00469
0.00053
-0.00013
0.00111
0.00100
0.00325
0.00048
0.00380
0.00219
0.00253
0.00284
0.00313
0.00151
0.00010
0.00336
0.00468
0.00461
0.00592
0.00531
0.00471
0.00571
0.00366
0.00329
0.00107
0.00132
0.00021
0.00120
0.00039
0.00089
0.00147
0.00086
0.00620
0.00548
0.00271
0.00503
0.00525
0.00283
0.00533
0.00199
0.00298
0.00246
0.00221
0.00167
0.00306
0.00259
0.00485
0.00230
0.00407
0.00371
0.00382
0.00236
0.00478
0.00261
0.00289
0.00173
0.00091
0.00339
0.00236
0.00187
0.00034
0.00168
0.00186
0.00195
0.00038
0.00134
0.00358
0.00370
0.00573
0.00527
0.00524
0.00219
0.00332
0.00186
0.00303
0.00298
0.00296
0.00376
0.00699
-0.00118
0.00669
-0.00124
0.00208
-0.00053
-0.00011
