0.76169
0.77501
0.76986
0.74605
0.77305
0.76372
0.77434
0.82858
0.78550
0.75642
0.78302
0.73111
0.78512
0.76134
0.78475
0.76949
0.78586
0.77063
0.77330
0.78684
0.77017
0.77282
0.76155
0.70744
0.76466
0.74133
0.75259
0.76271
0.75578
0.85427
0.82565
0.82165
0.78578
0.80568
0.80846
0.82392
0.80207
0.80095
0.81891
0.80085
0.74007
0.78910
0.76318
0.75955
0.79905
0.80506
0.81331
0.81063
0.81435
0.80226
0.78474
0.74321
0.75189
0.71865
0.77367
0.70970
0.74952
0.73635
0.77394
0.81500
0.83993
0.81169
0.85756
0.75658
0.74173
0.76167
0.72246
0.74815
0.73706
0.80334
0.82678
0.82079
0.76092
0.83691
0.76422
0.83324
0.79909
0.81558
0.82191
0.76782
0.79943
0.89759
0.75282
0.90894
0.76840
0.83993
0.84430
0.80355
0.80525
0.82733
0.79530
0.77685
0.80108
0.77059
0.80432
0.77989
0.77949
0.78803
0.74315
0.72489
0.73988
0.72661
0.75381
0.72944
0.72583
0.72420
0.73488
0.72204
0.73332
0.79504
0.72701
0.77962
0.70751
0.77760
0.73062
0.76544
0.71942
0.76348
0.74223
0.74342
0.74905
0.78928
0.80894
0.80157
0.78095
0.78764
0.84362
0.78601
0.79447
0.78803
0.78343
0.80221
0.72484
0.78802
0.72042
0.75924
0.77353
0.74519
0.76317
0.77343
0.74774
0.76339
0.76519
0.75967
0.76497
0.77156
0.73662
0.83730
0.78250
0.83898
0.78899
0.77383
0.76023
0.76596
0.75279
0.76046
0.77473
0.75363
0.75589
0.83501
0.81426
0.83764
0.74565
0.79758
0.71704
0.79025
0.77309
0.79899
0.76596
0.78440
0.75312
0.77528
0.78180
0.75822
0.75651
0.74805
0.76085
0.75370
0.71296
0.77640
0.72647
0.75965
0.74985
0.87265
0.84317
0.82954
0.79091
0.81069
0.81247
0.79793
0.79505
0.80403
0.80761
0.80219
0.75842
0.76486
0.75081
0.75376
0.83202
0.82686
0.81160
0.82704
0.83598
0.81568
0.71887
0.76560
0.75124
0.74065
0.71897
0.70822
0.76640
0.74285
0.72423
0.82610
0.78159
0.80266
0.84899
0.84900
0.72773
0.75863
0.75077
0.72783
0.73787
0.74216
0.74573
0.85267
0.80720
0.82691
0.81670
0.74822
0.83274
0.76313
0.82230
0.77918
0.79681
0.79803
0.77060
0.79958
0.73632
0.90648
0.75289
0.81530
0.80559
0.88859
0.80394
0.84038
0.79046
0.80317
0.79917
0.77918
0.81182
0.78367
0.80541
0.77384
0.78018
0.71773
0.72011
0.73303
0.72203
0.74414
0.72832
0.73217
0.72513
0.73424
0.72229
0.75820
0.73191
0.78800
0.71854
0.76262
0.71343
0.76406
0.71922
0.74829
0.73153
0.74334
0.73968
0.74165
0.81642
0.78373
0.82299
0.80650
0.78057
0.78922
0.78390
0.77997
0.78293
0.79302
0.71623
0.78884
0.72241
0.74769
0.78251
0.74788
0.75460
0.77480
0.75011
0.75892
0.74971
0.73808
0.75691
0.73309
0.75889
0.81950
0.80137
0.76470
0.77564
0.78352
