1.38231
1.38236
1.40908
1.32514
1.35773
1.36301
1.32393
1.38899
1.33125
1.12399
1.34832
1.15440
1.39714
1.30870
1.39193
1.32995
1.38022
1.36556
1.35303
1.39390
1.31026
1.36065
1.34121
1.15274
1.37086
1.25127
1.33078
1.29813
1.30829
1.41678
1.41866
1.41575
1.40089
1.36357
1.38402
1.29260
1.37355
1.40986
1.38296
1.39654
1.32480
1.22580
1.31220
1.28997
1.40801
1.30361
1.37218
1.34631
1.36442
1.39999
1.15322
1.37404
1.33545
1.25135
1.34936
1.20800
1.32433
1.31534
1.26286
1.35510
1.40756
1.40379
1.40114
1.34804
1.30771
1.36232
1.27287
1.32931
1.32906
1.30504
1.33520
1.32823
1.34364
1.39994
1.31904
1.35241
1.32707
1.38233
1.35279
1.37350
1.39608
1.39825
1.31364
1.38197
1.34588
1.38209
1.37256
1.38236
1.35843
1.37274
1.39266
1.33592
1.40102
1.36545
1.38940
1.36321
1.37412
1.39090
1.34622
1.28747
1.33286
1.30256
1.34843
1.30984
1.31079
1.32541
1.29984
1.31102
1.34446
1.35570
1.33651
1.35001
1.31243
1.36500
1.33214
1.30881
1.30905
1.35389
1.32397
1.30601
1.33622
1.34391
1.41225
1.36180
1.36464
1.36921
1.41843
1.34071
1.40237
1.37896
1.33847
1.39189
1.19455
1.34667
1.21433
1.34693
1.32543
1.28545
1.33402
1.36999
1.30971
1.34241
1.33390
1.33418
1.34987
1.33365
1.09539
1.36072
1.32401
1.20301
1.21883
1.21514
1.36895
1.36877
1.38783
1.33550
1.35716
1.31165
1.33233
1.40822
1.33756
1.38146
1.12826
1.39453
1.15552
1.37313
1.29849
1.37194
1.36157
1.36488
1.33587
1.34757
1.37269
1.32568
1.35232
1.29255
1.32138
1.32599
1.18843
1.35531
1.21683
1.31072
1.27929
1.42221
1.42779
1.29823
1.38408
1.36230
1.39347
1.38058
1.40050
1.39003
1.38991
1.39201
1.21205
1.35840
1.27934
1.32135
1.38224
1.31901
1.42116
1.37250
1.37056
1.41111
1.34073
1.22877
1.34359
1.31784
1.21186
1.24638
1.35191
1.31427
1.30090
1.37205
1.29547
1.39809
1.37981
1.39910
1.29024
1.33206
1.33437
1.28056
1.30157
1.34905
1.32126
1.34518
1.29594
1.33019
1.29508
1.33627
1.38186
1.29912
1.37220
1.31222
1.31028
1.34169
1.37151
1.38893
1.30381
1.35934
1.32630
1.33709
1.36436
1.35816
1.34501
1.37201
1.36180
1.41359
1.38815
1.35432
1.39672
1.35594
1.38665
1.36668
1.37706
1.28721
1.33694
1.31151
1.29865
1.31820
1.31288
1.31406
1.29951
1.29920
1.32650
1.36336
1.34334
1.33713
1.32356
1.32173
1.29689
1.29903
1.28889
1.30862
1.33357
1.29385
1.29639
1.31452
1.42163
1.33245
1.39888
1.37278
1.37686
1.34829
1.33328
1.36608
1.34110
1.35687
1.17817
1.36072
1.22839
1.30824
1.37755
1.34638
1.34528
1.36359
1.31207
1.34304
1.32327
1.30462
1.33359
1.26489
1.10552
1.35373
1.18031
1.30080
1.20256
1.20511
