0.00577
-99.00000
-99.00000
0.00798
0.00671
0.00593
0.00751
-99.00000
-99.00000
-99.00000
-99.00000
-99.00000
0.00511
-99.00000
-99.00000
0.00415
0.00376
-99.00000
0.00581
-99.00000
0.00496
0.00328
0.00309
0.00480
-99.00000
0.00508
-99.00000
0.00448
-99.00000
-99.00000
-99.00000
0.00540
0.00358
-99.00000
0.00472
-99.00000
0.00440
-99.00000
-99.00000
0.00453
-99.00000
-99.00000
-99.00000
-99.00000
-99.00000
-99.00000
-99.00000
-99.00000
-99.00000
0.00430
-99.00000
-99.00000
0.00683
0.00554
-99.00000
0.00476
0.00548
0.00716
-99.00000
-99.00000
-99.00000
0.00552
-99.00000
0.00672
0.00375
0.00493
0.00639
0.00639
0.00609
-99.00000
-99.00000
-99.00000
0.00553
-99.00000
0.00509
-99.00000
0.00492
-99.00000
0.00473
-99.00000
-99.00000
-99.00000
0.00420
-99.00000
0.00542
0.00538
0.00524
0.00582
0.00554
0.00549
-99.00000
-99.00000
-99.00000
-99.00000
-99.00000
-99.00000
-99.00000
-99.00000
0.00587
0.00704
0.00591
0.00865
0.00519
-99.00000
0.00602
0.00664
0.00512
0.00678
-99.00000
0.00518
0.00433
0.00558
0.00678
0.00469
0.00506
0.00585
0.00770
0.00400
0.00660
0.00769
0.00410
-99.00000
-99.00000
-99.00000
0.00414
0.00371
-99.00000
-99.00000
-99.00000
0.00370
-99.00000
0.00563
-99.00000
0.00518
0.00502
0.00729
0.00478
0.00380
0.00424
0.00608
0.00446
0.00409
0.00339
0.00405
0.00446
-99.00000
-99.00000
0.00422
-99.00000
-99.00000
-99.00000
-99.00000
0.00665
0.00691
-99.00000
0.00610
0.00666
0.00714
0.00726
0.00479
-99.00000
-99.00000
-99.00000
0.00384
-99.00000
0.00465
0.00506
0.00376
0.00556
0.00555
0.00520
0.00465
0.00642
0.00567
0.00578
0.00613
0.00512
0.00648
-99.00000
-99.00000
0.00803
0.00466
0.00827
-99.00000
-99.00000
-99.00000
0.00534
-99.00000
0.00522
0.00347
0.00468
0.00341
-99.00000
-99.00000
-99.00000
-99.00000
0.00650
0.00781
-99.00000
-99.00000
-99.00000
-99.00000
-99.00000
0.00464
0.00798
0.00726
-99.00000
0.00738
0.00430
0.00796
0.00613
0.00613
0.00729
-99.00000
-99.00000
-99.00000
0.00515
-99.00000
0.00582
0.00727
0.00593
0.00551
0.00681
0.00559
0.00693
-99.00000
-99.00000
-99.00000
-99.00000
0.00606
-99.00000
0.00716
-99.00000
0.00556
-99.00000
0.00652
-99.00000
-99.00000
0.00651
0.00701
0.00718
0.00801
0.00677
0.00624
0.00793
0.00561
0.00546
-99.00000
-99.00000
-99.00000
-99.00000
-99.00000
-99.00000
-99.00000
-99.00000
-99.00000
0.00813
0.00578
0.00656
0.00829
0.00625
0.00851
0.00517
0.00533
0.00438
0.00365
-99.00000
-99.00000
0.00563
0.00695
0.00478
0.00580
0.00664
0.00624
0.00452
0.00626
0.00609
0.00560
-99.00000
-99.00000
0.00610
0.00416
0.00399
-99.00000
-99.00000
0.00476
-99.00000
-99.00000
-99.00000
0.00502
0.00523
0.00833
0.00741
0.00742
0.00468
0.00557
0.00423
0.00531
0.00550
0.00503
0.00731
0.01165
-99.00000
0.00827
-99.00000
0.00293
-99.00000
-99.00000
