0.00238
0.00275
0.00176
0.00442
0.00082
-0.00023
0.00183
0.00286
0.00369
0.00993
0.00534
0.01143
0.00212
0.00649
0.00066
0.00210
0.00182
0.00212
0.00313
0.00083
0.00457
0.00064
0.00067
0.00868
-0.00532
0.00726
0.00108
0.00636
0.00200
-0.00397
-0.00107
0.00427
-0.00063
0.00212
0.00564
0.00400
0.00530
0.00375
0.00052
0.00305
0.00628
0.00599
0.00307
0.00219
-0.00043
-0.00334
0.00199
0.00016
0.00009
0.00073
0.00707
0.00525
0.00591
0.00543
0.00112
0.00706
0.00764
0.00893
0.00666
0.00415
-0.00007
-0.00021
-0.00256
0.00224
0.00147
0.00193
0.00306
0.00340
0.00425
-0.00050
0.00000
-0.00124
0.00306
-0.00204
0.00398
0.00106
0.00424
0.00363
0.00122
0.00092
0.00022
-0.00218
0.00428
0.00017
0.00064
-0.00072
0.00224
-0.00169
-0.00006
-0.00030
-0.00180
-0.00023
0.00083
0.00039
-0.00131
-0.00066
0.00019
-0.00147
0.00160
0.00716
-0.00008
0.00738
0.00264
0.00896
0.00498
0.00084
0.00144
0.00523
0.00232
0.00029
0.00480
0.00006
0.00294
0.00019
0.00197
-0.00077
0.00481
0.00024
0.00179
0.00445
0.00022
-0.00088
0.00351
0.00177
0.00111
-0.00080
0.00190
-0.00364
0.00138
-0.00044
0.00123
0.00383
0.00490
0.00406
0.00411
0.00854
0.00782
0.00644
0.00228
0.00227
0.00327
0.00339
-0.00045
0.00046
0.00101
0.00381
0.00418
0.00551
0.00234
0.00431
0.00332
0.00325
0.00451
0.00488
0.00123
0.00753
0.00104
0.00441
0.00209
0.00234
0.00549
0.00149
0.00884
0.00379
0.00712
0.00483
0.00895
0.00474
0.00375
0.00560
0.00349
0.00248
0.00492
0.00096
0.00446
0.00545
0.00334
0.00368
0.00340
0.00210
0.01420
0.00512
0.01083
-0.00246
-0.00107
0.00370
0.00624
0.00750
0.00459
0.00456
0.00419
0.00110
0.00517
0.00275
0.01004
0.00572
0.00811
0.00977
0.00086
0.00085
0.00230
-0.00097
0.00086
0.00102
0.00715
0.01252
0.00522
0.00937
0.00811
0.01050
0.00379
0.00714
0.00961
0.00412
0.00531
0.00028
0.00129
0.00101
0.00381
0.00725
0.00646
0.00526
0.00721
0.00384
0.00551
0.00211
0.00145
-0.00130
0.00369
0.00559
0.00067
0.00979
0.00107
0.00509
0.00342
0.00419
0.00291
0.00102
0.00683
0.00577
0.00605
0.00297
0.00515
0.00200
0.00365
0.00190
0.00063
-0.00247
0.00004
-0.00144
0.00202
0.00064
0.00037
0.00102
0.00183
0.01009
0.00502
0.00260
0.00600
0.00915
0.00606
0.00850
0.00490
0.00679
0.00140
0.00148
-0.00002
0.00032
0.00653
0.00207
0.00550
0.00538
0.00564
0.00499
0.00496
0.00266
0.00608
0.00680
0.00354
0.00032
0.00531
0.00411
0.00247
-0.00105
0.00041
-0.00028
-0.00042
0.00042
0.00681
0.00614
0.00873
0.00905
0.00483
0.00934
0.00343
0.00310
0.00282
0.00306
0.00330
0.00223
0.00492
0.01195
0.00658
0.00849
0.00609
0.00357
0.00274
0.00484
