1.58711
1.55341
1.75977
1.56751
1.61791
1.68233
1.53879
1.50797
1.45713
1.11600
1.44665
1.25690
1.59564
1.43278
1.51583
1.49682
1.49880
1.57725
1.47367
1.58717
1.37352
1.43203
1.48595
1.26767
1.48208
1.38456
1.43759
1.43355
1.40186
1.63037
1.69080
1.53621
1.56537
1.46834
1.48361
1.31025
1.49659
1.62228
1.48639
1.52962
1.59563
1.35341
1.57919
1.57196
1.56426
1.34803
1.31747
1.37475
1.37800
1.53065
1.21245
1.55118
1.45228
1.34802
1.37802
1.33826
1.40821
1.44011
1.26624
1.33926
1.60152
1.71612
1.70390
1.49624
1.49179
1.61893
1.39298
1.47254
1.59296
1.42080
1.45396
1.45682
1.50630
1.55770
1.43500
1.57970
1.49487
1.57941
1.53449
1.59167
1.73914
1.66577
1.50195
1.64965
1.53926
1.68192
1.66657
1.62861
1.58021
1.61768
1.60793
1.42636
1.62045
1.50894
1.49748
1.44227
1.60317
1.63202
1.57346
1.37669
1.53241
1.41457
1.48645
1.44728
1.49881
1.50376
1.38997
1.45896
1.49338
1.61907
1.56803
1.59790
1.51984
1.67396
1.62137
1.51992
1.57566
1.64632
1.57687
1.55247
1.62388
1.44164
1.56939
1.49376
1.57321
1.61305
1.52201
1.43993
1.65107
1.56125
1.38276
1.67053
1.32454
1.36842
1.27616
1.47419
1.38553
1.39026
1.51154
1.55897
1.39665
1.43302
1.36688
1.49655
1.62368
1.39559
1.16548
1.51682
1.61254
1.31144
1.35468
1.35627
1.63878
1.57106
1.71504
1.68543
1.58536
1.48730
1.59850
1.57596
1.41085
1.44022
1.16113
1.59232
1.24118
1.51423
1.38814
1.51397
1.54502
1.47123
1.48361
1.48766
1.59448
1.53221
1.50181
1.33425
1.43257
1.40446
1.29171
1.45877
1.36031
1.42759
1.44478
1.62472
1.68597
1.33650
1.55428
1.45659
1.57253
1.46709
1.62434
1.55423
1.51587
1.47608
1.31103
1.58803
1.50761
1.56704
1.34427
1.35801
1.53047
1.41470
1.48956
1.55270
1.53914
1.28569
1.48271
1.47871
1.31559
1.35817
1.41176
1.40976
1.45275
1.33098
1.30617
1.71417
1.65198
1.65589
1.49195
1.47922
1.62528
1.40746
1.39368
1.64310
1.47393
1.44187
1.42956
1.41945
1.45932
1.56618
1.53706
1.43059
1.53316
1.42242
1.59120
1.53444
1.64872
1.66510
1.48822
1.60908
1.56256
1.62721
1.57805
1.63404
1.55353
1.65761
1.69798
1.63458
1.56884
1.47648
1.66770
1.43511
1.49442
1.53112
1.62781
1.34227
1.56060
1.51789
1.38282
1.47382
1.44180
1.48708
1.46234
1.39420
1.53148
1.70610
1.47155
1.56691
1.56416
1.57862
1.50733
1.52998
1.51076
1.56452
1.65620
1.52591
1.54851
1.60085
1.66964
1.43997
1.48996
1.43164
1.64586
1.51554
1.39899
1.58184
1.43329
1.52078
1.27168
1.50402
1.25880
1.37625
1.58040
1.57090
1.58501
1.58555
1.42672
1.47556
1.35679
1.40656
1.54392
1.31586
1.20348
1.54334
1.30540
1.56616
1.30622
1.32615
