0.78100
0.79684
0.79653
0.76900
0.79823
0.78585
0.79784
0.87476
0.83797
0.77992
0.80745
0.75025
0.81990
0.78450
0.81185
0.79989
0.82253
0.79415
0.80644
0.81436
0.80133
0.80243
0.78783
0.72629
0.78938
0.76340
0.77603
0.78287
0.77579
0.87629
0.85175
0.87076
0.81613
0.85674
0.84338
0.87434
0.84111
0.84577
0.87023
0.84235
0.77346
0.81876
0.79168
0.78072
0.83459
0.85738
0.84617
0.85852
0.86025
0.84371
0.80992
0.77453
0.78544
0.73761
0.79978
0.72902
0.76784
0.75419
0.80086
0.84319
0.88779
0.84532
0.89970
0.77937
0.76139
0.78091
0.75090
0.77227
0.76007
0.85443
0.87363
0.87856
0.78517
0.88624
0.80183
0.88892
0.84818
0.85699
0.86769
0.79281
0.82529
0.94209
0.77104
0.95221
0.78848
0.87603
0.88074
0.83051
0.83238
0.85657
0.82162
0.81130
0.83727
0.79671
0.84133
0.81398
0.80861
0.81515
0.76841
0.75554
0.76360
0.75756
0.77812
0.75986
0.75215
0.75654
0.76330
0.75200
0.76260
0.82495
0.75030
0.80795
0.73432
0.80548
0.75475
0.79295
0.74566
0.78836
0.76764
0.76723
0.77418
0.82631
0.86202
0.83692
0.81539
0.82260
0.88955
0.81791
0.83419
0.82508
0.82160
0.83100
0.74514
0.81378
0.74229
0.78266
0.79783
0.76670
0.79040
0.79587
0.77462
0.78337
0.78641
0.78106
0.78665
0.80348
0.75405
0.87489
0.81340
0.86793
0.81835
0.80550
0.77687
0.78429
0.78051
0.78191
0.79958
0.77723
0.78228
0.87994
0.86241
0.88212
0.76977
0.83260
0.74123
0.82049
0.79840
0.82487
0.78538
0.81852
0.77508
0.80747
0.80847
0.78537
0.78322
0.77536
0.79534
0.77678
0.73329
0.80197
0.74737
0.78538
0.77402
0.89584
0.86969
0.87940
0.82391
0.85878
0.86037
0.83409
0.83388
0.84556
0.85494
0.83990
0.78356
0.79966
0.77299
0.78243
0.86796
0.87433
0.84688
0.87138
0.87773
0.85363
0.74618
0.79178
0.78311
0.75832
0.73903
0.72746
0.79189
0.76399
0.74088
0.85221
0.81043
0.83843
0.88959
0.89128
0.74420
0.78012
0.76756
0.75681
0.76348
0.76304
0.77373
0.89267
0.85720
0.87344
0.87773
0.77427
0.88459
0.80261
0.86711
0.82310
0.85394
0.84587
0.79762
0.82255
0.75660
0.94876
0.77503
0.84893
0.83649
0.93133
0.83105
0.87766
0.82191
0.83100
0.82680
0.81506
0.84928
0.81677
0.84154
0.80021
0.80060
0.75031
0.75092
0.75762
0.75406
0.76852
0.75967
0.75765
0.75391
0.76304
0.75092
0.78357
0.75789
0.82017
0.73965
0.79211
0.73937
0.79086
0.74396
0.77424
0.75294
0.76881
0.76489
0.76563
0.86388
0.82536
0.87151
0.84865
0.81642
0.82642
0.82156
0.81233
0.82101
0.83056
0.73560
0.81536
0.74503
0.76935
0.81027
0.77424
0.78167
0.79862
0.77800
0.77905
0.77171
0.76516
0.77851
0.75931
0.77479
0.85767
0.82510
0.79692
0.80946
0.81429
