0.00377
0.00189
-0.00006
0.00530
0.00562
0.00428
0.00583
0.00201
0.00286
0.00195
0.00248
0.00177
0.00366
0.00209
0.00210
0.00234
0.00245
0.00178
0.00401
0.00136
0.00305
0.00173
0.00218
0.00327
0.00084
0.00354
0.00051
0.00314
0.00269
0.00088
0.00124
0.00370
0.00202
0.00195
0.00238
0.00102
0.00309
0.00156
-0.00072
0.00269
0.00546
-0.00019
0.00435
0.00248
0.00145
0.00038
0.00153
0.00142
0.00158
0.00317
0.00339
0.00447
0.00617
0.00372
0.00032
0.00339
0.00269
0.00465
0.00145
0.00148
0.00147
0.00451
0.00127
0.00525
0.00245
0.00346
0.00496
0.00511
0.00408
0.00011
0.00163
0.00259
0.00393
0.00216
0.00377
0.00258
0.00349
0.00258
0.00343
0.00113
0.00099
0.00267
0.00201
0.00565
0.00374
0.00459
0.00427
0.00490
0.00385
0.00486
0.00158
0.00043
0.00262
0.00184
0.00126
0.00056
0.00192
-0.00133
0.00415
0.00510
0.00368
0.00642
0.00406
0.00410
0.00447
0.00475
0.00332
0.00523
0.00187
0.00411
0.00253
0.00482
0.00470
0.00327
0.00337
0.00409
0.00585
0.00196
0.00453
0.00600
0.00289
0.00055
0.00209
0.00149
0.00280
0.00234
0.00170
0.00131
0.00224
0.00293
0.00267
0.00366
0.00099
0.00344
0.00395
0.00601
0.00315
0.00234
0.00278
0.00367
0.00292
0.00242
0.00174
0.00243
0.00256
0.00190
-0.00142
0.00379
0.00109
-0.00196
-0.00129
0.00041
0.00532
0.00529
0.00069
0.00362
0.00536
0.00602
0.00542
0.00272
0.00181
0.00082
0.00245
0.00299
0.00224
0.00302
0.00352
0.00269
0.00401
0.00374
0.00389
0.00369
0.00431
0.00362
0.00435
0.00460
0.00392
0.00455
0.00214
0.00144
0.00548
0.00337
0.00643
0.00051
0.00040
0.00107
0.00373
0.00287
0.00419
0.00267
0.00304
0.00280
0.00297
0.00302
0.00411
0.00109
0.00487
0.00562
-0.00047
0.00034
0.00150
0.00131
0.00098
0.00355
0.00699
0.00576
0.00392
0.00570
0.00196
0.00540
0.00400
0.00396
0.00523
0.00192
0.00086
0.00133
0.00424
0.00148
0.00428
0.00574
0.00405
0.00447
0.00484
0.00380
0.00525
0.00165
0.00056
0.00201
0.00215
0.00377
0.00140
0.00509
0.00296
0.00358
0.00383
0.00420
0.00189
0.00077
0.00412
0.00526
0.00537
0.00682
0.00586
0.00536
0.00686
0.00448
0.00444
0.00130
0.00181
0.00079
0.00207
0.00095
0.00159
0.00204
0.00080
0.00642
0.00634
0.00379
0.00548
0.00639
0.00385
0.00636
0.00292
0.00386
0.00328
0.00266
0.00252
0.00343
0.00327
0.00546
0.00309
0.00485
0.00463
0.00456
0.00288
0.00540
0.00350
0.00368
0.00221
0.00165
0.00448
0.00331
0.00269
0.00146
0.00247
0.00319
0.00251
0.00145
0.00182
0.00418
0.00391
0.00631
0.00597
0.00573
0.00296
0.00407
0.00273
0.00366
0.00384
0.00337
0.00467
0.00876
-0.00060
0.00735
-0.00122
0.00223
-0.00126
-0.00026
