1.71097
1.70666
1.77816
1.65764
1.68082
1.73320
1.61988
1.65047
1.60022
1.24458
1.59028
1.36414
1.70477
1.56763
1.66670
1.62162
1.65102
1.68767
1.61863
1.70584
1.54290
1.61049
1.63771
1.38208
1.65436
1.51487
1.59704
1.56593
1.56826
1.70760
1.75434
1.68280
1.70253
1.62525
1.63775
1.47976
1.64291
1.73293
1.65639
1.67724
1.64231
1.42748
1.63081
1.59674
1.70258
1.51547
1.54993
1.56143
1.57290
1.68360
1.31544
1.65829
1.61129
1.51275
1.57028
1.47249
1.57897
1.58772
1.42191
1.52151
1.67964
1.72129
1.70227
1.62948
1.59021
1.69510
1.53440
1.60366
1.67445
1.57371
1.58616
1.60922
1.61948
1.69025
1.59257
1.66120
1.62309
1.68239
1.65580
1.67894
1.77000
1.66595
1.60686
1.64255
1.65536
1.69707
1.67502
1.70651
1.66070
1.67763
1.68379
1.60874
1.70399
1.64891
1.65470
1.62844
1.70389
1.67358
1.68941
1.55121
1.64768
1.56002
1.63167
1.57626
1.61810
1.62183
1.55580
1.59806
1.61671
1.67184
1.65122
1.65324
1.61895
1.69758
1.66485
1.60105
1.64125
1.68208
1.64468
1.62242
1.66363
1.61155
1.69660
1.63572
1.69047
1.70925
1.66357
1.61585
1.73885
1.68422
1.57207
1.74099
1.43169
1.56555
1.45924
1.63580
1.57370
1.56797
1.63859
1.67657
1.57489
1.61083
1.58066
1.64455
1.70578
1.54243
1.25497
1.62187
1.62009
1.33574
1.39347
1.39019
1.71517
1.68544
1.74986
1.70275
1.66095
1.59262
1.66623
1.70136
1.57134
1.62369
1.26795
1.70040
1.36129
1.64741
1.53430
1.63284
1.67075
1.61956
1.62975
1.61203
1.69226
1.65159
1.64852
1.50770
1.58371
1.57482
1.42742
1.62540
1.47598
1.57152
1.55866
1.69891
1.75048
1.49436
1.68283
1.60207
1.69258
1.62189
1.72587
1.68662
1.65076
1.63473
1.41875
1.65884
1.56658
1.63990
1.56704
1.52328
1.68847
1.59429
1.61542
1.69094
1.63920
1.42122
1.60268
1.59595
1.46036
1.51404
1.60041
1.57069
1.59464
1.52978
1.45885
1.74248
1.65281
1.68994
1.57636
1.59854
1.67865
1.55013
1.56068
1.70785
1.60828
1.57068
1.56801
1.57319
1.57818
1.65249
1.66365
1.56564
1.64637
1.58929
1.64347
1.65124
1.69411
1.73928
1.59616
1.60052
1.64562
1.63847
1.66072
1.61689
1.62532
1.67610
1.71294
1.70245
1.68711
1.64503
1.72427
1.60829
1.65351
1.66324
1.66648
1.50815
1.66802
1.62924
1.56117
1.60508
1.58355
1.61783
1.59773
1.55524
1.65716
1.72084
1.62069
1.63628
1.64513
1.63397
1.60608
1.58278
1.59401
1.62918
1.67872
1.59064
1.62235
1.63563
1.74474
1.59935
1.64401
1.61117
1.72284
1.64739
1.57990
1.69131
1.61154
1.65067
1.41896
1.62570
1.45772
1.56851
1.68583
1.67237
1.68775
1.66663
1.57606
1.62421
1.55237
1.57842
1.66473
1.46665
1.26863
1.61064
1.33157
1.58073
1.35990
1.36184
