0.00227
0.00622
0.00276
0.00849
0.00183
0.00039
0.00461
0.00496
0.00460
0.01010
0.00350
0.01060
0.00287
0.00619
0.00156
0.00324
0.00362
0.00317
0.00558
0.00188
0.00546
0.00270
0.00027
0.00852
-0.00349
0.00892
0.00327
0.00786
0.00375
-0.00305
-0.00090
0.00606
0.00005
0.00380
0.00762
0.00575
0.00687
0.00551
0.00340
0.00378
0.00665
0.00557
0.00324
0.00252
-0.00081
-0.00177
-0.00113
0.00069
-0.00070
0.00164
0.00706
0.00776
0.00722
0.00764
0.00247
0.00950
0.00856
0.01115
0.00592
0.00433
0.00153
0.00010
-0.00260
0.00404
0.00333
0.00277
0.00461
0.00550
0.00553
0.00130
0.00161
-0.00160
0.00402
0.00010
0.00563
0.00092
0.00500
0.00462
0.00169
0.00241
0.00056
-0.00133
0.00595
-0.00082
0.00351
-0.00037
0.00292
-0.00159
0.00253
0.00110
0.00019
0.00272
0.00129
0.00243
-0.00027
0.00428
0.00131
-0.00279
0.00296
0.01068
0.00144
0.00881
0.00608
0.01147
0.00826
0.00108
0.00413
0.00750
0.00226
0.00033
0.00702
0.00032
0.00604
0.00109
0.00467
-0.00006
0.00674
0.00275
0.00464
0.00699
0.00166
0.00082
0.00599
0.00464
0.00217
0.00009
0.00314
-0.00277
0.00280
0.00143
0.00463
0.00528
0.00715
0.00782
0.00528
0.01109
0.01128
0.00855
0.00232
0.00576
0.00551
0.00680
0.00156
0.00227
0.00004
0.00236
0.00508
0.00787
0.00166
0.00624
0.00291
0.00470
0.00451
0.00528
0.00188
0.00745
0.00258
0.00693
0.00335
0.00411
0.00704
0.00385
0.00899
0.00504
0.00654
0.00468
0.00937
0.00534
0.00617
0.00665
0.00419
0.00279
0.00583
0.00264
0.00640
0.00858
0.00515
0.00494
0.00587
0.00489
0.01348
0.00691
0.01179
-0.00166
-0.00051
0.00478
0.00746
0.00874
0.00502
0.00728
0.00497
0.00374
0.00667
0.00423
0.01160
0.00607
0.01030
0.00992
-0.00025
0.00138
0.00143
-0.00014
0.00152
0.00153
0.00735
0.01320
0.00395
0.00974
0.01187
0.01137
0.00645
0.00746
0.01131
0.00409
0.00696
0.00038
0.00171
0.00180
0.00484
0.00952
0.00658
0.00649
0.01031
0.00615
0.00810
0.00268
0.00201
-0.00145
0.00274
0.00654
0.00330
0.01084
0.00372
0.00665
0.00261
0.00294
0.00313
0.00038
0.00954
0.00565
0.00687
0.00385
0.00780
0.00210
0.00459
0.00325
0.00152
-0.00240
0.00092
-0.00081
0.00314
0.00208
0.00346
0.00183
0.00222
0.01012
0.00564
0.00479
0.00812
0.01032
0.00700
0.01092
0.00809
0.00894
0.00281
0.00236
0.00078
0.00176
0.00795
0.00429
0.00590
0.00583
0.00750
0.00752
0.00627
0.00392
0.00864
0.00873
0.00464
0.00139
0.00676
0.00627
0.00423
-0.00039
0.00272
0.00247
0.00189
0.00282
0.00921
0.00704
0.01096
0.01249
0.00600
0.01203
0.00585
0.00437
0.00410
0.00621
0.00564
0.00238
0.00786
0.01192
0.00701
0.01026
0.00693
0.00457
0.00430
0.00688
