0.00278
0.00250
0.00001
0.00322
0.00128
0.00118
0.00189
0.00222
0.00327
0.00861
0.00542
0.01036
0.00215
0.00613
-0.00001
0.00207
0.00107
0.00166
0.00233
0.00126
0.00386
-0.00013
0.00105
0.00810
-0.00486
0.00623
0.00012
0.00556
0.00140
-0.00380
-0.00178
0.00378
-0.00103
0.00143
0.00484
0.00312
0.00445
0.00257
-0.00133
0.00214
0.00631
0.00542
0.00305
0.00135
0.00003
-0.00275
0.00246
-0.00018
-0.00073
0.00055
0.00669
0.00426
0.00604
0.00495
0.00061
0.00583
0.00680
0.00733
0.00762
0.00371
-0.00058
0.00028
-0.00119
0.00226
0.00086
0.00201
0.00316
0.00279
0.00426
-0.00210
0.00024
0.00083
0.00278
-0.00164
0.00389
0.00106
0.00420
0.00261
0.00180
0.00103
0.00026
-0.00192
0.00395
0.00135
0.00119
0.00036
0.00297
-0.00007
0.00081
0.00020
-0.00248
-0.00056
0.00058
-0.00029
-0.00108
-0.00148
0.00022
-0.00094
0.00194
0.00623
-0.00037
0.00750
0.00145
0.00681
0.00360
0.00127
0.00065
0.00434
0.00248
0.00091
0.00378
-0.00011
0.00156
0.00028
0.00174
-0.00041
0.00391
-0.00015
0.00138
0.00419
0.00069
-0.00132
0.00244
0.00046
0.00104
-0.00028
0.00162
-0.00244
0.00150
-0.00067
0.00066
0.00479
0.00328
0.00389
0.00367
0.00781
0.00572
0.00563
0.00266
0.00172
0.00194
0.00237
-0.00040
0.00027
0.00195
0.00413
0.00300
0.00532
0.00198
0.00315
0.00298
0.00251
0.00554
0.00497
-0.00010
0.00746
0.00073
0.00403
0.00277
0.00285
0.00469
0.00070
0.00784
0.00358
0.00708
0.00490
0.00798
0.00412
0.00290
0.00456
0.00372
0.00195
0.00492
0.00145
0.00356
0.00436
0.00286
0.00322
0.00283
0.00185
0.01405
0.00470
0.01020
-0.00278
-0.00123
0.00305
0.00509
0.00593
0.00490
0.00324
0.00384
0.00037
0.00305
0.00250
0.00896
0.00491
0.00760
0.00910
0.00108
0.00032
0.00329
-0.00137
0.00066
0.00136
0.00651
0.01100
0.00455
0.00772
0.00643
0.00938
0.00405
0.00684
0.00828
0.00373
0.00524
-0.00005
0.00143
0.00021
0.00398
0.00618
0.00572
0.00495
0.00585
0.00397
0.00553
0.00192
0.00107
-0.00060
0.00473
0.00554
0.00073
0.00890
0.00105
0.00506
0.00474
0.00487
0.00206
0.00108
0.00597
0.00590
0.00592
0.00347
0.00472
0.00258
0.00406
0.00256
0.00137
-0.00215
0.00038
-0.00114
0.00203
0.00002
-0.00048
0.00116
0.00083
0.00938
0.00501
0.00224
0.00592
0.00898
0.00553
0.00714
0.00412
0.00516
0.00079
0.00136
0.00020
0.00086
0.00496
0.00185
0.00509
0.00534
0.00433
0.00424
0.00371
0.00291
0.00609
0.00544
0.00313
0.00081
0.00520
0.00298
0.00145
-0.00039
0.00057
-0.00035
-0.00008
0.00006
0.00584
0.00525
0.00750
0.00849
0.00514
0.00682
0.00270
0.00290
0.00225
0.00256
0.00249
0.00358
0.00436
0.01194
0.00511
0.00719
0.00510
0.00284
0.00192
0.00317
