0.95694
0.97378
0.99847
0.94730
0.98486
0.96965
0.96616
1.07015
1.03977
0.88853
0.97696
0.87199
1.01670
0.95101
1.00139
0.97499
1.01629
0.97117
0.99213
1.00713
0.96682
0.98095
0.96619
0.84323
0.96815
0.90426
0.94315
0.93577
0.93206
1.03742
1.03301
1.07836
1.01306
1.07196
1.02896
1.05479
1.03437
1.06666
1.07683
1.04958
0.96634
0.96188
0.96560
0.94170
1.04179
1.04380
1.02289
1.04792
1.05013
1.04875
0.93170
0.97553
0.98240
0.87773
0.96907
0.85940
0.92134
0.90574
0.94797
1.00763
1.08810
1.04437
1.09230
0.95149
0.92059
0.95621
0.92218
0.94583
0.93592
1.04581
1.05074
1.07191
0.95345
1.08992
0.97474
1.08610
1.03681
1.05446
1.05021
0.97656
1.01148
1.12700
0.92776
1.13130
0.95677
1.06224
1.06380
1.00993
1.01283
1.03386
1.00592
0.98750
1.03331
0.97515
1.03977
1.00102
0.99002
1.00258
0.95453
0.93030
0.94260
0.93986
0.95983
0.94846
0.93674
0.94808
0.93918
0.94047
0.95095
1.01207
0.93473
0.99574
0.91537
0.99395
0.93686
0.96123
0.92654
0.97320
0.94559
0.94083
0.95306
1.01804
1.07571
1.02490
1.00590
1.01910
1.08917
0.99484
1.04655
1.02883
1.00757
1.01411
0.88274
0.97490
0.87830
0.95836
0.95993
0.92547
0.96975
0.96740
0.93977
0.94459
0.94656
0.94361
0.96181
0.97758
0.85193
1.05231
0.99718
1.00109
0.97840
0.97775
0.94809
0.95626
0.98330
0.95845
0.98824
0.95050
0.96605
1.07932
1.05329
1.07653
0.88454
1.03048
0.87564
1.00264
0.95986
1.00419
0.95912
1.00701
0.94384
0.99498
0.99374
0.96173
0.96634
0.93782
0.97381
0.94084
0.86262
0.97843
0.88125
0.95076
0.93451
1.05749
1.05219
1.05248
1.01589
1.06698
1.06993
1.02391
1.04665
1.05691
1.06924
1.03659
0.92579
0.98962
0.92880
0.96910
1.04697
1.05660
1.04962
1.06512
1.06573
1.05432
0.94063
0.93610
0.97266
0.91543
0.86601
0.86406
0.96556
0.92003
0.89154
1.02940
0.97676
1.04493
1.07931
1.08731
0.90369
0.95092
0.93813
0.92985
0.93319
0.94543
0.94438
1.06178
1.04049
1.05289
1.06739
0.94521
1.08724
0.97978
1.06892
1.00255
1.05702
1.03733
0.98678
0.99728
0.91770
1.11696
0.94165
1.02839
1.01789
1.10523
1.00629
1.06889
1.01408
1.01699
1.00947
1.00102
1.06254
1.00163
1.03684
0.98348
0.98017
0.93411
0.94940
0.93782
0.93888
0.94528
0.94444
0.93762
0.93588
0.94235
0.94673
0.97978
0.93336
1.00457
0.91425
0.97527
0.91119
0.96343
0.91459
0.95442
0.93311
0.93887
0.93810
0.94145
1.08420
1.01533
1.06825
1.04299
1.02325
1.01249
1.00666
1.00440
1.00407
1.02154
0.85981
0.98556
0.88606
0.92406
0.98885
0.95665
0.96506
0.97495
0.95286
0.94723
0.93352
0.92849
0.94122
0.92093
0.87182
1.04276
0.95552
0.98107
0.96534
0.97531
