0.86303
0.88545
0.90519
0.85563
0.89201
0.87594
0.88163
0.99218
0.96490
0.83731
0.89359
0.81255
0.92639
0.86902
0.91083
0.89216
0.93109
0.88261
0.90804
0.91834
0.89081
0.89624
0.88039
0.78178
0.87981
0.83175
0.85910
0.85811
0.85265
0.96017
0.95097
0.99329
0.92191
0.98915
0.94563
0.98995
0.95173
0.97839
0.99791
0.96013
0.87905
0.89774
0.88435
0.86032
0.95206
0.97592
0.94533
0.97575
0.97920
0.96142
0.87714
0.88456
0.89584
0.79967
0.88689
0.78796
0.83762
0.82211
0.88072
0.93175
1.00435
0.95134
1.01028
0.86613
0.83735
0.86371
0.84246
0.86222
0.84898
0.98003
0.98504
1.00359
0.86801
1.01238
0.89674
1.01276
0.96371
0.96998
0.97702
0.88697
0.92932
1.04967
0.84520
1.05882
0.87233
0.97550
0.98074
0.92120
0.92267
0.94964
0.91657
0.91121
0.94762
0.89206
0.95681
0.91928
0.90688
0.91343
0.86810
0.85260
0.85293
0.85783
0.87240
0.86586
0.84986
0.86189
0.85638
0.85446
0.86239
0.92234
0.84157
0.90318
0.82339
0.90234
0.84260
0.87515
0.83652
0.87819
0.85500
0.85310
0.86291
0.93725
0.99316
0.94481
0.92064
0.93201
1.00725
0.91695
0.95844
0.94154
0.92892
0.92962
0.81000
0.89404
0.80652
0.86818
0.87743
0.84490
0.88501
0.87646
0.85505
0.86063
0.86401
0.86173
0.87471
0.90129
0.80000
0.97477
0.91203
0.94414
0.91259
0.90405
0.85460
0.86532
0.89054
0.87004
0.89402
0.86512
0.87434
0.99661
0.98083
1.00127
0.83104
0.94098
0.81228
0.91660
0.88162
0.91927
0.86814
0.92146
0.85907
0.91140
0.90481
0.87818
0.87915
0.85748
0.89479
0.85572
0.79342
0.89205
0.81134
0.87126
0.85456
0.98143
0.96748
0.98979
0.92876
0.98513
0.98881
0.93995
0.95841
0.96938
0.98481
0.95319
0.85925
0.90394
0.84808
0.88240
0.97347
0.98630
0.96093
0.98850
0.99342
0.96750
0.84611
0.86988
0.88619
0.82702
0.79430
0.78769
0.87834
0.83601
0.80588
0.94764
0.90065
0.95466
0.99115
1.00428
0.81742
0.86390
0.84933
0.84879
0.85109
0.85199
0.85969
0.99816
0.97645
0.98612
1.00637
0.86082
1.01410
0.90571
0.98540
0.92858
0.98470
0.95924
0.89795
0.91704
0.83358
1.04588
0.85718
0.94523
0.93292
1.03132
0.92106
0.98758
0.92582
0.92677
0.92429
0.91963
0.97418
0.91876
0.95253
0.90022
0.89017
0.85353
0.85818
0.84850
0.85751
0.86119
0.85958
0.85226
0.85073
0.86134
0.85639
0.88042
0.84723
0.91683
0.82015
0.88691
0.82457
0.87886
0.82903
0.86690
0.83606
0.85080
0.85185
0.84847
0.99611
0.93635
0.98878
0.96324
0.93403
0.93603
0.92763
0.91976
0.92445
0.93843
0.79278
0.90152
0.81394
0.84315
0.89897
0.86386
0.87654
0.88544
0.86810
0.85774
0.84973
0.84625
0.85696
0.84689
0.82142
0.95835
0.89518
0.89604
0.89796
0.90770
