0.00408
0.00272
-0.00114
0.00567
0.00328
0.00290
0.00392
0.00300
0.00276
0.00571
0.00302
0.00745
0.00280
0.00425
0.00124
0.00265
0.00223
0.00193
0.00353
0.00135
0.00382
0.00080
0.00160
0.00635
-0.00216
0.00533
-0.00012
0.00454
0.00293
-0.00140
-0.00138
0.00398
0.00109
0.00164
0.00437
0.00246
0.00412
0.00211
-0.00137
0.00271
0.00635
0.00285
0.00383
0.00233
0.00125
-0.00208
0.00227
-0.00018
-0.00051
0.00174
0.00551
0.00371
0.00572
0.00576
0.00062
0.00623
0.00516
0.00613
0.00598
0.00210
0.00041
0.00218
0.00006
0.00414
0.00289
0.00210
0.00440
0.00453
0.00464
-0.00091
0.00124
0.00223
0.00375
0.00005
0.00511
0.00170
0.00404
0.00136
0.00327
0.00039
0.00013
-0.00119
0.00313
0.00246
0.00405
0.00287
0.00405
0.00280
0.00208
0.00293
-0.00104
0.00110
0.00136
0.00135
0.00032
-0.00067
0.00176
-0.00150
0.00346
0.00630
0.00233
0.00860
0.00188
0.00573
0.00334
0.00281
0.00278
0.00400
0.00185
0.00168
0.00286
0.00111
0.00376
0.00314
0.00263
0.00278
0.00530
0.00139
0.00241
0.00527
0.00236
-0.00092
0.00223
0.00145
0.00127
0.00132
0.00175
0.00016
0.00224
0.00141
0.00225
0.00583
0.00267
0.00575
0.00488
0.00687
0.00605
0.00586
0.00283
0.00426
0.00242
0.00310
0.00157
0.00314
0.00300
0.00330
0.00054
0.00653
0.00090
0.00068
0.00073
0.00164
0.00540
0.00611
-0.00085
0.00671
0.00251
0.00461
0.00494
0.00303
0.00242
0.00146
0.00588
0.00389
0.00640
0.00371
0.00584
0.00323
0.00396
0.00413
0.00398
0.00361
0.00410
0.00356
0.00438
0.00496
0.00380
0.00456
0.00241
0.00213
0.01205
0.00440
0.00943
-0.00074
-0.00058
0.00268
0.00389
0.00490
0.00547
0.00265
0.00317
0.00080
0.00174
0.00290
0.00730
0.00337
0.00627
0.00704
0.00066
-0.00054
0.00251
-0.00189
0.00163
0.00168
0.00532
0.00819
0.00295
0.00739
0.00618
0.00954
0.00429
0.00640
0.00737
0.00286
0.00469
0.00051
0.00300
0.00038
0.00386
0.00603
0.00575
0.00544
0.00523
0.00472
0.00590
0.00252
0.00067
0.00058
0.00369
0.00718
0.00124
0.00854
0.00163
0.00536
0.00480
0.00554
0.00092
-0.00035
0.00618
0.00588
0.00634
0.00523
0.00624
0.00418
0.00536
0.00349
0.00345
-0.00150
0.00148
-0.00016
0.00128
0.00023
0.00061
0.00104
-0.00114
0.00778
0.00637
0.00304
0.00607
0.00849
0.00475
0.00793
0.00488
0.00439
0.00217
0.00187
0.00225
0.00229
0.00394
0.00481
0.00472
0.00469
0.00446
0.00517
0.00281
0.00514
0.00613
0.00416
0.00273
0.00204
0.00548
0.00275
0.00273
0.00027
0.00207
0.00204
0.00158
0.00123
0.00546
0.00520
0.00666
0.00877
0.00689
0.00659
0.00287
0.00480
0.00250
0.00447
0.00367
0.00388
0.00576
0.01257
0.00309
0.00741
0.00213
0.00240
0.00099
0.00157
