0.00472
0.00256
-0.00001
0.00679
0.00649
0.00509
0.00719
0.00283
0.00358
0.00181
0.00290
0.00287
0.00458
0.00264
0.00286
0.00346
0.00323
0.00229
0.00521
0.00200
0.00414
0.00275
0.00270
0.00384
0.00121
0.00422
0.00104
0.00393
0.00322
0.00141
0.00121
0.00462
0.00292
0.00225
0.00373
0.00159
0.00373
0.00254
-0.00047
0.00388
0.00603
0.00018
0.00497
0.00325
0.00172
0.00059
0.00232
0.00201
0.00163
0.00399
0.00366
0.00510
0.00655
0.00476
0.00069
0.00404
0.00401
0.00573
0.00190
0.00206
0.00281
0.00533
0.00188
0.00622
0.00306
0.00440
0.00580
0.00591
0.00535
0.00007
0.00183
0.00343
0.00483
0.00306
0.00428
0.00261
0.00452
0.00332
0.00437
0.00164
0.00161
0.00289
0.00317
0.00551
0.00449
0.00509
0.00501
0.00559
0.00483
0.00536
0.00206
0.00142
0.00336
0.00244
0.00196
0.00137
0.00258
-0.00092
0.00518
0.00601
0.00483
0.00768
0.00502
0.00508
0.00548
0.00610
0.00440
0.00640
0.00310
0.00488
0.00340
0.00560
0.00590
0.00400
0.00417
0.00499
0.00698
0.00281
0.00581
0.00712
0.00362
0.00107
0.00305
0.00233
0.00374
0.00356
0.00247
0.00262
0.00298
0.00372
0.00296
0.00457
0.00113
0.00406
0.00440
0.00650
0.00381
0.00298
0.00380
0.00485
0.00362
0.00318
0.00268
0.00332
0.00367
0.00293
-0.00120
0.00403
0.00169
-0.00185
-0.00186
0.00031
0.00601
0.00598
0.00042
0.00480
0.00644
0.00668
0.00678
0.00427
0.00254
0.00116
0.00253
0.00349
0.00278
0.00378
0.00429
0.00317
0.00473
0.00508
0.00463
0.00439
0.00552
0.00486
0.00527
0.00556
0.00469
0.00563
0.00240
0.00215
0.00660
0.00400
0.00732
0.00072
0.00087
0.00175
0.00448
0.00333
0.00507
0.00336
0.00426
0.00340
0.00333
0.00345
0.00449
0.00177
0.00570
0.00678
-0.00036
0.00112
0.00218
0.00151
0.00193
0.00412
0.00762
0.00638
0.00475
0.00660
0.00286
0.00660
0.00499
0.00502
0.00617
0.00214
0.00126
0.00204
0.00460
0.00210
0.00496
0.00669
0.00492
0.00494
0.00597
0.00457
0.00631
0.00214
0.00143
0.00243
0.00297
0.00470
0.00207
0.00631
0.00337
0.00471
0.00432
0.00555
0.00234
0.00101
0.00519
0.00628
0.00613
0.00764
0.00636
0.00582
0.00755
0.00510
0.00515
0.00192
0.00242
0.00174
0.00264
0.00182
0.00210
0.00237
0.00070
0.00694
0.00745
0.00510
0.00597
0.00731
0.00523
0.00754
0.00425
0.00487
0.00410
0.00294
0.00387
0.00390
0.00438
0.00642
0.00415
0.00522
0.00564
0.00554
0.00361
0.00604
0.00482
0.00451
0.00275
0.00261
0.00565
0.00417
0.00372
0.00205
0.00315
0.00423
0.00313
0.00249
0.00213
0.00476
0.00429
0.00720
0.00664
0.00659
0.00401
0.00496
0.00345
0.00451
0.00478
0.00416
0.00596
0.01029
-0.00018
0.00782
-0.00137
0.00243
-0.00143
-0.00068
