0.00508
0.00314
-0.00070
0.00708
0.00495
0.00441
0.00630
0.00369
0.00378
0.00417
0.00279
0.00589
0.00434
0.00369
0.00230
0.00375
0.00314
0.00274
0.00498
0.00181
0.00506
0.00217
0.00251
0.00616
0.00012
0.00573
0.00121
0.00528
0.00355
0.00031
0.00004
0.00511
0.00254
0.00156
0.00542
0.00273
0.00476
0.00261
-0.00028
0.00320
0.00629
0.00225
0.00528
0.00277
0.00151
-0.00082
0.00246
0.00142
0.00042
0.00267
0.00487
0.00516
0.00634
0.00583
0.00106
0.00591
0.00632
0.00719
0.00436
0.00213
0.00152
0.00365
0.00121
0.00553
0.00375
0.00368
0.00571
0.00588
0.00603
-0.00045
0.00161
0.00284
0.00463
0.00163
0.00515
0.00194
0.00477
0.00155
0.00453
0.00148
0.00080
0.00032
0.00433
0.00328
0.00538
0.00396
0.00467
0.00391
0.00368
0.00381
0.00028
0.00187
0.00254
0.00259
0.00156
0.00086
0.00291
-0.00091
0.00488
0.00753
0.00437
0.00913
0.00394
0.00614
0.00513
0.00525
0.00423
0.00569
0.00339
0.00330
0.00396
0.00313
0.00578
0.00411
0.00386
0.00440
0.00705
0.00282
0.00479
0.00656
0.00332
-0.00041
0.00338
0.00239
0.00216
0.00223
0.00202
0.00172
0.00326
0.00221
0.00304
0.00666
0.00159
0.00582
0.00523
0.00714
0.00584
0.00523
0.00419
0.00574
0.00391
0.00409
0.00239
0.00379
0.00394
0.00489
0.00026
0.00563
0.00202
-0.00056
-0.00009
0.00110
0.00654
0.00694
-0.00048
0.00707
0.00434
0.00613
0.00609
0.00402
0.00324
0.00150
0.00410
0.00403
0.00495
0.00447
0.00539
0.00342
0.00435
0.00473
0.00469
0.00417
0.00507
0.00456
0.00537
0.00593
0.00513
0.00576
0.00274
0.00255
0.01124
0.00474
0.00905
0.00029
-0.00057
0.00315
0.00538
0.00470
0.00541
0.00303
0.00401
0.00166
0.00266
0.00342
0.00650
0.00325
0.00664
0.00698
0.00040
0.00002
0.00242
-0.00031
0.00182
0.00321
0.00598
0.00808
0.00350
0.00693
0.00623
0.00906
0.00492
0.00651
0.00801
0.00236
0.00274
0.00149
0.00401
0.00128
0.00566
0.00680
0.00604
0.00578
0.00606
0.00562
0.00717
0.00305
0.00174
0.00144
0.00353
0.00769
0.00191
0.00844
0.00227
0.00618
0.00457
0.00636
0.00179
0.00072
0.00696
0.00658
0.00777
0.00640
0.00689
0.00525
0.00664
0.00441
0.00472
0.00115
0.00233
0.00164
0.00217
0.00126
0.00143
0.00233
-0.00022
0.00773
0.00743
0.00431
0.00627
0.00905
0.00630
0.00872
0.00553
0.00509
0.00296
0.00267
0.00445
0.00309
0.00519
0.00589
0.00501
0.00525
0.00611
0.00552
0.00407
0.00586
0.00670
0.00488
0.00300
0.00190
0.00621
0.00378
0.00328
0.00123
0.00280
0.00343
0.00284
0.00231
0.00440
0.00488
0.00675
0.00973
0.00720
0.00728
0.00395
0.00523
0.00397
0.00518
0.00484
0.00478
0.00716
0.01339
0.00173
0.00773
0.00046
0.00234
0.00009
0.00084
