0.00252
0.00387
0.00257
0.00545
0.00100
-0.00010
0.00293
0.00357
0.00404
0.01007
0.00440
0.01117
0.00242
0.00662
0.00102
0.00219
0.00218
0.00240
0.00366
0.00124
0.00499
0.00140
0.00044
0.00853
-0.00459
0.00792
0.00199
0.00705
0.00270
-0.00347
-0.00079
0.00499
0.00004
0.00242
0.00624
0.00488
0.00600
0.00451
0.00177
0.00328
0.00641
0.00593
0.00300
0.00238
-0.00036
-0.00298
0.00050
0.00038
0.00009
0.00126
0.00713
0.00636
0.00628
0.00633
0.00162
0.00813
0.00788
0.00981
0.00556
0.00354
0.00053
-0.00034
-0.00281
0.00266
0.00208
0.00232
0.00336
0.00403
0.00468
0.00008
0.00033
-0.00164
0.00329
-0.00122
0.00440
0.00057
0.00458
0.00395
0.00131
0.00149
0.00064
-0.00197
0.00466
-0.00029
0.00121
-0.00090
0.00222
-0.00210
0.00065
-0.00022
-0.00109
0.00084
0.00127
0.00108
-0.00094
0.00093
0.00084
-0.00172
0.00196
0.00848
0.00014
0.00806
0.00386
0.00989
0.00630
0.00086
0.00239
0.00603
0.00248
0.00014
0.00559
-0.00009
0.00404
0.00029
0.00278
-0.00082
0.00539
0.00094
0.00257
0.00519
0.00030
-0.00058
0.00425
0.00286
0.00126
-0.00076
0.00231
-0.00370
0.00169
0.00015
0.00196
0.00418
0.00572
0.00454
0.00442
0.00924
0.00869
0.00716
0.00220
0.00343
0.00384
0.00449
-0.00019
0.00091
0.00064
0.00334
0.00441
0.00594
0.00239
0.00490
0.00324
0.00361
0.00459
0.00512
0.00160
0.00757
0.00130
0.00506
0.00214
0.00285
0.00630
0.00216
0.00889
0.00416
0.00688
0.00486
0.00907
0.00487
0.00450
0.00580
0.00375
0.00247
0.00520
0.00143
0.00486
0.00680
0.00373
0.00394
0.00443
0.00300
0.01428
0.00555
0.01107
-0.00206
-0.00097
0.00420
0.00691
0.00846
0.00473
0.00533
0.00463
0.00222
0.00603
0.00310
0.01069
0.00594
0.00896
0.01030
0.00066
0.00131
0.00172
-0.00075
0.00090
0.00118
0.00762
0.01293
0.00513
0.00954
0.00968
0.01105
0.00456
0.00712
0.01033
0.00341
0.00547
0.00038
0.00136
0.00127
0.00419
0.00813
0.00696
0.00554
0.00832
0.00431
0.00628
0.00237
0.00151
-0.00102
0.00289
0.00555
0.00135
0.01044
0.00156
0.00565
0.00289
0.00359
0.00299
0.00076
0.00786
0.00569
0.00604
0.00310
0.00590
0.00191
0.00390
0.00205
0.00083
-0.00238
0.00014
-0.00169
0.00244
0.00099
0.00139
0.00114
0.00225
0.01029
0.00497
0.00312
0.00682
0.00974
0.00669
0.00924
0.00601
0.00745
0.00208
0.00193
0.00000
0.00039
0.00705
0.00249
0.00549
0.00570
0.00644
0.00595
0.00551
0.00303
0.00645
0.00748
0.00372
0.00043
0.00568
0.00462
0.00316
-0.00077
0.00090
0.00058
0.00014
0.00094
0.00784
0.00663
0.00937
0.01020
0.00493
0.01023
0.00433
0.00350
0.00305
0.00394
0.00414
0.00215
0.00576
0.01250
0.00673
0.00925
0.00653
0.00413
0.00317
0.00534
