0.00213
0.00950
0.00195
0.01152
0.00350
0.00086
0.00651
0.00556
0.00476
0.01013
0.00299
0.00887
0.00299
0.00569
0.00197
0.00405
0.00485
0.00328
0.00717
0.00262
0.00677
0.00381
0.00009
0.00733
-0.00293
0.01057
0.00390
0.00805
0.00473
-0.00260
-0.00132
0.00780
0.00016
0.00458
0.00843
0.00566
0.00773
0.00557
0.00322
0.00424
0.00694
0.00479
0.00352
0.00286
-0.00174
-0.00073
-0.00196
0.00066
-0.00078
0.00157
0.00682
0.00871
0.00785
0.00893
0.00267
0.00984
0.00932
0.01199
0.00691
0.00463
0.00166
0.00036
-0.00204
0.00594
0.00407
0.00338
0.00672
0.00701
0.00622
0.00127
0.00274
-0.00046
0.00459
0.00132
0.00686
0.00286
0.00502
0.00532
0.00194
0.00315
-0.00028
-0.00017
0.00721
-0.00053
0.00671
0.00069
0.00357
-0.00003
0.00446
0.00250
-0.00004
0.00526
0.00214
0.00410
0.00029
0.00758
0.00161
-0.00469
0.00371
0.01192
0.00171
0.00884
0.00817
0.01239
0.00961
0.00111
0.00529
0.00911
0.00165
0.00074
0.00800
0.00101
0.00725
0.00206
0.00639
0.00199
0.00842
0.00406
0.00646
0.00924
0.00301
0.00247
0.00621
0.00690
0.00364
0.00119
0.00358
-0.00154
0.00451
0.00210
0.00684
0.00704
0.00737
0.01080
0.00584
0.01258
0.01235
0.00954
0.00210
0.00771
0.00712
0.00883
0.00357
0.00320
0.00009
0.00189
0.00457
0.01003
0.00101
0.00706
0.00329
0.00555
0.00428
0.00540
0.00116
0.00720
0.00397
0.00884
0.00463
0.00536
0.00677
0.00570
0.00816
0.00656
0.00583
0.00466
0.00988
0.00565
0.00754
0.00688
0.00453
0.00262
0.00623
0.00374
0.00706
0.01006
0.00615
0.00531
0.00652
0.00661
0.01234
0.00756
0.01258
-0.00175
0.00012
0.00465
0.00750
0.00864
0.00500
0.00867
0.00478
0.00447
0.00646
0.00537
0.01200
0.00600
0.01128
0.00894
-0.00029
0.00118
0.00073
0.00035
0.00125
0.00191
0.00607
0.01302
0.00242
0.00980
0.01392
0.01087
0.00754
0.00745
0.01236
0.00486
0.00734
0.00026
0.00251
0.00276
0.00475
0.00991
0.00669
0.00747
0.01175
0.00845
0.01020
0.00304
0.00176
-0.00242
0.00326
0.00748
0.00494
0.01176
0.00630
0.00745
0.00376
0.00309
0.00309
-0.00167
0.01049
0.00583
0.00749
0.00466
0.01054
0.00240
0.00536
0.00442
0.00257
-0.00293
0.00170
0.00003
0.00380
0.00278
0.00537
0.00283
0.00186
0.00951
0.00557
0.00594
0.00954
0.01087
0.00746
0.01174
0.00991
0.01045
0.00317
0.00253
0.00109
0.00345
0.00851
0.00568
0.00632
0.00621
0.00823
0.00925
0.00745
0.00527
0.01078
0.00989
0.00561
0.00198
0.00820
0.00687
0.00526
0.00038
0.00524
0.00456
0.00410
0.00447
0.01033
0.00756
0.01188
0.01511
0.00788
0.01282
0.00747
0.00466
0.00507
0.00803
0.00665
0.00346
0.00961
0.01289
0.00695
0.01208
0.00736
0.00414
0.00505
0.00813
