1.63063
1.60601
1.76870
1.60269
1.64856
1.70510
1.57316
1.55292
1.50638
1.15784
1.49559
1.29039
1.63431
1.47816
1.56622
1.53942
1.54842
1.61278
1.52101
1.62578
1.42835
1.48537
1.53555
1.30783
1.53372
1.42929
1.48671
1.47894
1.45618
1.65920
1.71085
1.58618
1.60930
1.51900
1.53246
1.36305
1.54557
1.65819
1.54016
1.57878
1.61536
1.37912
1.60190
1.58792
1.60735
1.40054
1.38584
1.43132
1.43784
1.57950
1.24623
1.58527
1.50417
1.40345
1.43589
1.38339
1.46333
1.48719
1.30674
1.38997
1.63193
1.72482
1.71122
1.54193
1.52713
1.64999
1.44444
1.51636
1.62252
1.46622
1.49096
1.51406
1.54497
1.60758
1.48845
1.61882
1.53780
1.61809
1.58004
1.61988
1.75291
1.67512
1.53761
1.65763
1.58328
1.69800
1.67648
1.66275
1.61295
1.64416
1.62934
1.48582
1.65108
1.55541
1.55015
1.49772
1.63831
1.64805
1.61226
1.42938
1.57186
1.46242
1.53533
1.48838
1.53784
1.54455
1.44278
1.50281
1.53421
1.64665
1.59922
1.62558
1.55728
1.69155
1.64424
1.55595
1.60546
1.66531
1.60514
1.58377
1.64613
1.49794
1.61124
1.54350
1.61466
1.64734
1.56985
1.49898
1.68274
1.60172
1.43939
1.70050
1.36389
1.42980
1.33503
1.52845
1.44354
1.44781
1.55410
1.59719
1.45253
1.48943
1.43210
1.54549
1.65530
1.44475
1.19561
1.55524
1.61981
1.32190
1.36993
1.36968
1.66634
1.60815
1.73074
1.69932
1.61848
1.52594
1.63041
1.62077
1.46019
1.49753
1.19736
1.63302
1.27969
1.56303
1.43806
1.55659
1.58603
1.51807
1.53158
1.53061
1.62624
1.57269
1.54672
1.39001
1.48222
1.45575
1.33619
1.51195
1.40036
1.47355
1.48379
1.65077
1.70836
1.38564
1.59782
1.50511
1.61477
1.51750
1.66141
1.59744
1.55960
1.52846
1.34727
1.61366
1.53063
1.59439
1.40721
1.40929
1.58049
1.46609
1.53075
1.59723
1.57139
1.33124
1.52203
1.51899
1.36459
1.41104
1.46922
1.46045
1.50146
1.38543
1.34449
1.72893
1.66291
1.67519
1.52286
1.51979
1.64975
1.45625
1.44805
1.66746
1.51867
1.47844
1.47380
1.46376
1.50897
1.59582
1.58721
1.47931
1.57628
1.47835
1.62468
1.58099
1.66824
1.68927
1.52641
1.61579
1.59577
1.64050
1.61261
1.63714
1.58392
1.67200
1.71076
1.65525
1.60916
1.53253
1.69129
1.48897
1.54650
1.57426
1.64441
1.39867
1.59629
1.55633
1.43831
1.52080
1.48752
1.52941
1.50655
1.44487
1.57264
1.72100
1.51889
1.59737
1.59415
1.60324
1.54488
1.55551
1.54335
1.59372
1.67237
1.55659
1.57922
1.62144
1.69673
1.49442
1.54247
1.48785
1.67513
1.56441
1.45828
1.61968
1.49149
1.56421
1.31985
1.54819
1.31984
1.43965
1.62319
1.60999
1.62135
1.61386
1.47723
1.52464
1.41636
1.46214
1.58582
1.36581
1.23062
1.57340
1.31707
1.57377
1.32263
1.33834
