0.00329
0.00279
-0.00035
0.00410
0.00171
0.00135
0.00199
0.00230
0.00331
0.00780
0.00530
0.00977
0.00265
0.00586
0.00058
0.00219
0.00126
0.00173
0.00213
0.00108
0.00381
-0.00006
0.00171
0.00788
-0.00407
0.00593
-0.00002
0.00495
0.00191
-0.00335
-0.00126
0.00402
-0.00063
0.00120
0.00470
0.00245
0.00441
0.00219
-0.00183
0.00230
0.00650
0.00495
0.00311
0.00154
0.00050
-0.00243
0.00250
-0.00041
-0.00076
0.00108
0.00666
0.00347
0.00572
0.00512
0.00064
0.00564
0.00616
0.00682
0.00750
0.00338
-0.00063
0.00127
-0.00068
0.00257
0.00145
0.00165
0.00332
0.00309
0.00413
-0.00208
0.00053
0.00162
0.00309
-0.00162
0.00432
0.00165
0.00380
0.00224
0.00231
0.00033
0.00015
-0.00184
0.00412
0.00158
0.00194
0.00059
0.00358
0.00089
0.00117
0.00092
-0.00241
-0.00021
0.00081
0.00020
-0.00057
-0.00162
0.00075
-0.00109
0.00193
0.00605
0.00009
0.00729
0.00123
0.00642
0.00306
0.00162
0.00109
0.00370
0.00170
0.00118
0.00349
0.00001
0.00205
0.00082
0.00193
0.00031
0.00429
0.00026
0.00158
0.00412
0.00125
-0.00125
0.00216
0.00065
0.00101
0.00035
0.00186
-0.00174
0.00201
-0.00011
0.00079
0.00536
0.00273
0.00456
0.00367
0.00734
0.00507
0.00569
0.00292
0.00227
0.00217
0.00237
0.00036
0.00111
0.00232
0.00336
0.00278
0.00570
0.00179
0.00231
0.00240
0.00250
0.00562
0.00520
-0.00053
0.00708
0.00119
0.00442
0.00342
0.00306
0.00373
0.00115
0.00743
0.00353
0.00716
0.00429
0.00748
0.00381
0.00272
0.00477
0.00357
0.00268
0.00470
0.00204
0.00349
0.00413
0.00271
0.00351
0.00240
0.00182
0.01340
0.00476
0.01010
-0.00194
-0.00111
0.00238
0.00467
0.00524
0.00500
0.00284
0.00358
0.00046
0.00239
0.00225
0.00844
0.00449
0.00723
0.00866
0.00085
0.00010
0.00325
-0.00149
0.00064
0.00126
0.00614
0.00993
0.00397
0.00717
0.00590
0.00968
0.00441
0.00706
0.00812
0.00350
0.00544
-0.00008
0.00138
0.00078
0.00420
0.00598
0.00575
0.00511
0.00581
0.00410
0.00574
0.00180
0.00092
-0.00070
0.00458
0.00617
0.00053
0.00878
0.00123
0.00502
0.00508
0.00497
0.00165
0.00020
0.00578
0.00594
0.00592
0.00386
0.00503
0.00306
0.00421
0.00311
0.00194
-0.00217
0.00072
-0.00081
0.00208
-0.00029
-0.00005
0.00124
0.00027
0.00866
0.00517
0.00239
0.00556
0.00892
0.00510
0.00727
0.00431
0.00499
0.00111
0.00192
0.00078
0.00140
0.00456
0.00279
0.00456
0.00514
0.00428
0.00437
0.00280
0.00350
0.00608
0.00549
0.00316
0.00066
0.00528
0.00255
0.00128
0.00009
0.00118
-0.00005
0.00059
0.00044
0.00581
0.00506
0.00714
0.00831
0.00575
0.00643
0.00247
0.00309
0.00195
0.00315
0.00240
0.00372
0.00450
0.01205
0.00457
0.00738
0.00449
0.00265
0.00162
0.00290
