1.71012
1.70896
1.75501
1.64121
1.65976
1.71076
1.60684
1.65259
1.59724
1.25449
1.59809
1.36336
1.69908
1.56955
1.67070
1.61725
1.65317
1.68447
1.61860
1.70513
1.55166
1.62461
1.63887
1.37784
1.66373
1.51150
1.60429
1.56683
1.57642
1.69979
1.74417
1.68420
1.70494
1.62495
1.64372
1.49264
1.64282
1.72723
1.66064
1.67752
1.62187
1.42009
1.61021
1.57375
1.70785
1.52166
1.58167
1.57531
1.59069
1.68636
1.31664
1.65916
1.61468
1.51888
1.58971
1.47061
1.58821
1.59426
1.44094
1.54425
1.66802
1.69530
1.67526
1.62923
1.58531
1.68248
1.53258
1.60276
1.65972
1.57449
1.59150
1.60204
1.61848
1.68509
1.59349
1.63685
1.61633
1.67070
1.64558
1.67091
1.74923
1.64009
1.59940
1.61510
1.64427
1.66749
1.64897
1.68773
1.64717
1.66063
1.67964
1.61635
1.69569
1.65504
1.65789
1.63861
1.69807
1.66151
1.68424
1.56247
1.63848
1.56767
1.63460
1.57879
1.61496
1.62032
1.56272
1.59830
1.61895
1.64733
1.64101
1.63160
1.60967
1.67237
1.64175
1.58170
1.61998
1.65914
1.62492
1.60255
1.63728
1.61219
1.69366
1.63627
1.68072
1.69615
1.66565
1.61955
1.72813
1.67853
1.58179
1.72287
1.42492
1.58073
1.46325
1.63963
1.58326
1.57022
1.63464
1.67552
1.58074
1.62260
1.59762
1.64435
1.69178
1.54698
1.25139
1.61186
1.59940
1.32301
1.38478
1.37766
1.70350
1.68239
1.72718
1.67489
1.64403
1.58284
1.64438
1.69633
1.57606
1.63236
1.27231
1.69252
1.36315
1.64585
1.53737
1.63259
1.66981
1.62213
1.63434
1.61008
1.68692
1.64552
1.65159
1.52273
1.58468
1.58375
1.42864
1.63256
1.47323
1.57319
1.55295
1.69325
1.73815
1.50234
1.68126
1.60669
1.68541
1.62577
1.71779
1.68439
1.65025
1.63948
1.41589
1.64489
1.55096
1.62653
1.59385
1.53146
1.69724
1.60453
1.61599
1.69037
1.63945
1.42391
1.60542
1.59297
1.45897
1.51730
1.61653
1.57893
1.59595
1.55751
1.48227
1.72100
1.62795
1.66918
1.56861
1.60062
1.66291
1.54871
1.56894
1.69078
1.60541
1.58110
1.56355
1.58365
1.56059
1.64179
1.65599
1.56369
1.63737
1.59080
1.61295
1.63695
1.67388
1.72531
1.59104
1.57564
1.62848
1.61080
1.64663
1.58931
1.61010
1.65154
1.68546
1.69593
1.68382
1.64427
1.70962
1.61623
1.65813
1.66608
1.65420
1.52074
1.66194
1.61975
1.57293
1.60419
1.58797
1.61554
1.59661
1.56152
1.65188
1.69365
1.62672
1.61587
1.63404
1.61178
1.59140
1.56317
1.57924
1.60948
1.65340
1.57133
1.60122
1.61123
1.73077
1.59953
1.64763
1.61948
1.70847
1.64192
1.58521
1.68401
1.61610
1.64717
1.41808
1.62384
1.46663
1.57515
1.67225
1.65843
1.67837
1.65974
1.57826
1.62919
1.56916
1.58267
1.65776
1.48046
1.25923
1.59629
1.31972
1.56408
1.35526
1.35105
