0.80708
0.82631
0.83844
0.79891
0.83074
0.81711
0.82606
0.92758
0.89634
0.80550
0.83978
0.77408
0.86168
0.81516
0.84932
0.83502
0.86641
0.82566
0.84679
0.85272
0.83678
0.83755
0.82237
0.74741
0.82323
0.78922
0.80519
0.81004
0.80294
0.90864
0.89132
0.92506
0.85691
0.91582
0.88374
0.92876
0.88789
0.90180
0.92929
0.89120
0.81670
0.85128
0.82940
0.80793
0.88383
0.91387
0.88780
0.91209
0.91462
0.89351
0.83915
0.81827
0.83184
0.75755
0.83179
0.74890
0.79033
0.77659
0.83348
0.87720
0.93668
0.88562
0.94703
0.80893
0.78718
0.80795
0.78675
0.80438
0.79134
0.91493
0.92574
0.93771
0.81493
0.94306
0.84210
0.94722
0.90064
0.90368
0.91630
0.82757
0.86670
0.98844
0.79550
0.99921
0.81850
0.91561
0.91999
0.86340
0.86507
0.89125
0.85675
0.85327
0.88146
0.83230
0.88850
0.85522
0.84625
0.85206
0.80522
0.79500
0.79615
0.79728
0.81137
0.80225
0.78855
0.79765
0.79875
0.79032
0.80024
0.86152
0.78339
0.84199
0.76725
0.84145
0.78597
0.82327
0.77777
0.82124
0.79810
0.79719
0.80570
0.87408
0.92062
0.88081
0.85692
0.86504
0.94131
0.85601
0.88647
0.87276
0.86636
0.86868
0.76939
0.84309
0.76569
0.81238
0.82732
0.79445
0.82538
0.82364
0.80459
0.80930
0.81343
0.80932
0.81755
0.84283
0.77236
0.91566
0.85178
0.90103
0.85821
0.84624
0.80122
0.81063
0.82376
0.81270
0.83208
0.80900
0.81401
0.92918
0.91658
0.93689
0.79608
0.87524
0.76877
0.85805
0.82975
0.86069
0.81359
0.85791
0.80368
0.84928
0.84378
0.81964
0.81802
0.80647
0.83513
0.80432
0.75583
0.83539
0.77102
0.81778
0.80434
0.92868
0.90788
0.93179
0.86517
0.91483
0.91639
0.87701
0.88497
0.89697
0.91229
0.88620
0.81380
0.84277
0.79994
0.82129
0.91391
0.92588
0.89276
0.92406
0.92801
0.90211
0.78321
0.82489
0.82359
0.78020
0.75860
0.74699
0.82341
0.78782
0.76131
0.89064
0.84825
0.88506
0.93160
0.93853
0.76803
0.80807
0.79444
0.79344
0.79564
0.79413
0.80465
0.94137
0.91287
0.92657
0.94095
0.80578
0.94352
0.84666
0.91784
0.87014
0.91501
0.89755
0.83529
0.85883
0.78355
0.98995
0.80446
0.88637
0.87365
0.97433
0.86505
0.92348
0.86138
0.86697
0.86351
0.85712
0.90170
0.85567
0.88817
0.83854
0.83280
0.79202
0.79283
0.78938
0.79566
0.80321
0.79914
0.79247
0.79005
0.80037
0.79069
0.81912
0.78975
0.85659
0.76623
0.82759
0.76977
0.82402
0.77553
0.80786
0.78139
0.79793
0.79616
0.79559
0.92144
0.87302
0.92302
0.89764
0.86306
0.87240
0.86585
0.85588
0.86423
0.87610
0.75728
0.84629
0.77073
0.79521
0.84264
0.80683
0.81627
0.82879
0.81275
0.80491
0.79819
0.79551
0.80540
0.79429
0.79408
0.89972
0.85361
0.83619
0.84721
0.85437
