0.00268
0.00230
0.00066
0.00336
0.00081
0.00049
0.00184
0.00246
0.00321
0.00927
0.00568
0.01107
0.00192
0.00632
0.00027
0.00193
0.00147
0.00169
0.00234
0.00089
0.00414
0.00012
0.00117
0.00816
-0.00558
0.00694
0.00059
0.00586
0.00168
-0.00394
-0.00166
0.00396
-0.00098
0.00185
0.00500
0.00383
0.00489
0.00307
-0.00050
0.00242
0.00625
0.00579
0.00314
0.00170
-0.00047
-0.00306
0.00246
0.00015
-0.00044
0.00056
0.00706
0.00444
0.00599
0.00468
0.00062
0.00620
0.00731
0.00807
0.00709
0.00383
-0.00020
0.00013
-0.00191
0.00200
0.00103
0.00200
0.00293
0.00287
0.00407
-0.00140
0.00000
0.00017
0.00285
-0.00164
0.00400
0.00121
0.00445
0.00311
0.00149
0.00097
-0.00000
-0.00224
0.00400
0.00075
0.00084
-0.00012
0.00257
-0.00082
0.00029
-0.00002
-0.00262
-0.00089
0.00050
-0.00016
-0.00136
-0.00138
0.00009
-0.00116
0.00172
0.00665
-0.00039
0.00706
0.00174
0.00754
0.00390
0.00108
0.00095
0.00462
0.00257
0.00033
0.00422
0.00011
0.00208
0.00036
0.00153
-0.00059
0.00428
-0.00012
0.00130
0.00438
0.00040
-0.00118
0.00269
0.00088
0.00111
-0.00059
0.00190
-0.00310
0.00156
-0.00076
0.00071
0.00424
0.00425
0.00406
0.00347
0.00803
0.00692
0.00606
0.00253
0.00182
0.00243
0.00234
-0.00079
0.00029
0.00128
0.00452
0.00343
0.00522
0.00213
0.00361
0.00297
0.00295
0.00511
0.00506
0.00057
0.00755
0.00093
0.00404
0.00203
0.00213
0.00507
0.00095
0.00831
0.00346
0.00717
0.00498
0.00841
0.00446
0.00316
0.00492
0.00381
0.00211
0.00477
0.00096
0.00388
0.00453
0.00300
0.00327
0.00318
0.00183
0.01439
0.00468
0.01048
-0.00287
-0.00143
0.00360
0.00553
0.00662
0.00467
0.00362
0.00411
0.00073
0.00418
0.00279
0.00934
0.00521
0.00772
0.00945
0.00078
0.00039
0.00294
-0.00107
0.00068
0.00113
0.00681
0.01168
0.00483
0.00848
0.00723
0.00948
0.00367
0.00714
0.00876
0.00379
0.00532
0.00008
0.00127
0.00093
0.00376
0.00662
0.00595
0.00508
0.00636
0.00367
0.00541
0.00203
0.00123
-0.00103
0.00418
0.00548
0.00066
0.00903
0.00084
0.00517
0.00430
0.00451
0.00249
0.00133
0.00649
0.00580
0.00595
0.00312
0.00484
0.00248
0.00394
0.00216
0.00082
-0.00237
0.00023
-0.00124
0.00218
0.00018
-0.00003
0.00111
0.00126
0.00956
0.00503
0.00232
0.00591
0.00888
0.00549
0.00754
0.00446
0.00574
0.00095
0.00136
-0.00015
0.00040
0.00574
0.00187
0.00497
0.00524
0.00492
0.00434
0.00422
0.00261
0.00635
0.00589
0.00345
0.00031
0.00503
0.00356
0.00187
-0.00069
0.00028
-0.00063
-0.00042
0.00001
0.00625
0.00568
0.00820
0.00853
0.00495
0.00784
0.00247
0.00273
0.00220
0.00269
0.00278
0.00281
0.00441
0.01208
0.00603
0.00788
0.00578
0.00314
0.00216
0.00392
