0.70293
0.70874
0.72996
0.67305
0.69491
0.69781
0.68694
0.72620
0.68384
0.71725
0.72367
0.68630
0.70397
0.70995
0.71463
0.67980
0.70034
0.70459
0.68082
0.71358
0.67420
0.69420
0.68582
0.65781
0.70627
0.69078
0.69309
0.71773
0.70572
0.82208
0.78095
0.71835
0.71591
0.71490
0.72123
0.72401
0.71058
0.71530
0.72827
0.71533
0.68214
0.73105
0.69632
0.69383
0.72715
0.69217
0.74816
0.71429
0.73293
0.71551
0.73379
0.67636
0.69698
0.65833
0.70241
0.65443
0.69174
0.68128
0.71517
0.75609
0.70016
0.72484
0.74019
0.67232
0.68026
0.69129
0.64955
0.66092
0.66342
0.69847
0.72046
0.68428
0.69040
0.70445
0.67188
0.70287
0.69136
0.69871
0.70604
0.72034
0.76552
0.77318
0.68019
0.77715
0.69948
0.73097
0.73689
0.71014
0.71142
0.73053
0.73265
0.67130
0.71979
0.69672
0.70910
0.69072
0.71248
0.74019
0.67480
0.64702
0.67032
0.66976
0.67208
0.66619
0.65751
0.65085
0.65363
0.64602
0.67084
0.69997
0.67036
0.68958
0.63701
0.70613
0.66896
0.67869
0.64863
0.69328
0.66841
0.66965
0.67777
0.68661
0.69433
0.69696
0.68783
0.69795
0.72619
0.68170
0.70787
0.69291
0.67571
0.71351
0.66882
0.70213
0.64897
0.69373
0.69773
0.67663
0.67886
0.70741
0.66585
0.68740
0.68930
0.68351
0.69395
0.70435
0.69008
0.73274
0.70760
0.78409
0.74066
0.71593
0.70209
0.69868
0.70533
0.70287
0.69128
0.66889
0.67699
0.73077
0.72646
0.74334
0.70509
0.72531
0.66747
0.72230
0.72094
0.73898
0.70063
0.70525
0.68446
0.68842
0.71087
0.67923
0.68012
0.65768
0.66979
0.67742
0.65826
0.71557
0.67788
0.70535
0.70264
0.83920
0.79372
0.73705
0.71316
0.72270
0.71625
0.71850
0.70900
0.72359
0.71855
0.71503
0.71109
0.70711
0.68645
0.69411
0.75936
0.73251
0.74245
0.74087
0.75581
0.73258
0.65766
0.71171
0.69521
0.68168
0.65450
0.64158
0.70018
0.68574
0.66657
0.76791
0.72681
0.71615
0.73363
0.72711
0.66761
0.67421
0.68732
0.65773
0.65657
0.67007
0.65674
0.76295
0.70674
0.71692
0.67624
0.67590
0.70191
0.66333
0.70233
0.67485
0.67507
0.67971
0.71951
0.76458
0.66698
0.77386
0.67832
0.71342
0.71197
0.76627
0.71270
0.73352
0.70279
0.74156
0.73469
0.68040
0.72812
0.69946
0.71857
0.70822
0.74418
0.65340
0.65417
0.65931
0.64990
0.66604
0.65314
0.65821
0.65474
0.65789
0.65347
0.69477
0.65726
0.68691
0.65616
0.67847
0.64257
0.67558
0.64521
0.67189
0.67030
0.66297
0.66415
0.66865
0.71312
0.66914
0.70226
0.69467
0.69617
0.67578
0.67805
0.69168
0.67214
0.69043
0.64543
0.69480
0.64890
0.67283
0.69430
0.67012
0.68028
0.70283
0.66299
0.68515
0.67399
0.65339
0.67560
0.67619
0.71813
0.71676
0.74762
0.68979
0.72233
0.72643
