1.69078
1.68303
1.78171
1.65085
1.67996
1.73202
1.61303
1.62749
1.58051
1.22111
1.56651
1.34597
1.68909
1.54683
1.64228
1.60383
1.62509
1.66865
1.59589
1.68669
1.51486
1.57684
1.61364
1.36521
1.62315
1.49757
1.56817
1.54477
1.53889
1.69782
1.74543
1.66126
1.68025
1.60114
1.61080
1.44823
1.62035
1.71733
1.62836
1.65403
1.64191
1.41845
1.63006
1.60294
1.67781
1.48572
1.49978
1.52498
1.53299
1.65764
1.30073
1.63971
1.58725
1.48557
1.53117
1.45147
1.54741
1.56150
1.38554
1.48022
1.67171
1.72953
1.71350
1.60930
1.57676
1.68807
1.51467
1.58258
1.66697
1.54778
1.56069
1.59273
1.60236
1.67179
1.56628
1.66202
1.60552
1.67265
1.64253
1.66472
1.77224
1.67651
1.59301
1.65519
1.64218
1.70733
1.68394
1.70297
1.65393
1.67563
1.66874
1.57903
1.69453
1.62294
1.63048
1.59590
1.69122
1.66918
1.67210
1.51857
1.63199
1.53457
1.60786
1.55172
1.60068
1.60271
1.52663
1.57502
1.59690
1.67338
1.64176
1.65384
1.60828
1.70490
1.66737
1.59786
1.64026
1.68529
1.64135
1.62036
1.66893
1.58540
1.67689
1.61391
1.67715
1.69985
1.64174
1.58720
1.72858
1.66680
1.53726
1.73704
1.42000
1.52735
1.42899
1.61009
1.53803
1.54013
1.62089
1.65674
1.54484
1.57806
1.54142
1.62076
1.69803
1.51652
1.24223
1.60917
1.62662
1.33744
1.39170
1.39173
1.70639
1.66663
1.75077
1.70935
1.65837
1.58091
1.66660
1.68404
1.54420
1.59056
1.25077
1.68703
1.34157
1.62856
1.51050
1.61404
1.64876
1.59403
1.60724
1.59398
1.67710
1.63487
1.62214
1.47487
1.55863
1.54361
1.40630
1.59591
1.45975
1.54760
1.54302
1.68985
1.74324
1.46551
1.66374
1.58006
1.67748
1.59525
1.71316
1.66805
1.63069
1.60634
1.40123
1.65167
1.56359
1.63369
1.51884
1.49485
1.65789
1.55848
1.59231
1.67099
1.62329
1.40007
1.58311
1.57856
1.44068
1.48862
1.56360
1.54202
1.57254
1.48440
1.42110
1.74639
1.66374
1.69372
1.56494
1.57966
1.67713
1.52829
1.53106
1.70154
1.58802
1.54503
1.54915
1.54305
1.57018
1.63952
1.64890
1.54738
1.63553
1.56348
1.65351
1.64073
1.69326
1.72972
1.58095
1.61386
1.63908
1.64831
1.65619
1.62998
1.62046
1.68338
1.72056
1.69304
1.67039
1.61903
1.72041
1.57593
1.62682
1.64151
1.66396
1.47835
1.64986
1.61512
1.52795
1.58510
1.55848
1.59578
1.57613
1.52572
1.63780
1.73097
1.59330
1.63398
1.63648
1.63400
1.59538
1.58315
1.58707
1.62821
1.68552
1.58881
1.61779
1.64038
1.73753
1.57551
1.62076
1.58041
1.71535
1.63109
1.54967
1.67784
1.58369
1.63050
1.39789
1.60806
1.42175
1.53715
1.67456
1.66317
1.67437
1.65512
1.55440
1.59698
1.51192
1.55091
1.64777
1.44001
1.26273
1.60943
1.33273
1.58336
1.35336
1.36224
