1.50722
1.51032
1.52847
1.43765
1.46311
1.48417
1.42269
1.49237
1.42894
1.17660
1.44960
1.23521
1.51001
1.40892
1.50138
1.44037
1.48824
1.49112
1.45992
1.51553
1.40769
1.47226
1.45717
1.23350
1.48873
1.34828
1.43982
1.40126
1.41491
1.52355
1.53859
1.51739
1.52361
1.46630
1.48696
1.37378
1.47561
1.53517
1.49105
1.50735
1.42911
1.29360
1.41715
1.38693
1.52996
1.38582
1.47178
1.44020
1.46027
1.50968
1.21379
1.48659
1.44393
1.35719
1.45096
1.30868
1.42840
1.42536
1.34207
1.44281
1.50285
1.50325
1.49419
1.45488
1.41142
1.47843
1.37021
1.43477
1.44818
1.41246
1.44008
1.42124
1.44778
1.50268
1.42301
1.44708
1.43505
1.48476
1.45621
1.48533
1.51737
1.48001
1.41953
1.45868
1.45143
1.47838
1.46637
1.48928
1.46157
1.47346
1.50276
1.44706
1.51403
1.48347
1.49092
1.47436
1.49515
1.48640
1.47407
1.40098
1.44700
1.40660
1.45718
1.41600
1.42611
1.43929
1.40567
1.42454
1.45407
1.45500
1.45187
1.44637
1.42251
1.47339
1.44023
1.40488
1.41720
1.46210
1.42788
1.40773
1.43762
1.44648
1.52009
1.46836
1.48367
1.49063
1.51179
1.44781
1.52481
1.49275
1.43836
1.51352
1.27598
1.44105
1.31267
1.46122
1.43092
1.39242
1.44659
1.48852
1.41775
1.45604
1.44323
1.45203
1.47445
1.41842
1.14973
1.45039
1.42040
1.24094
1.27618
1.26778
1.49183
1.49209
1.50599
1.45435
1.45887
1.40879
1.44037
1.51300
1.42714
1.47926
1.18305
1.50601
1.23601
1.47717
1.39202
1.47256
1.48387
1.46492
1.45462
1.44898
1.49321
1.44538
1.47527
1.38619
1.42529
1.43102
1.28009
1.46445
1.31050
1.41288
1.38232
1.52437
1.54197
1.37808
1.49920
1.45567
1.50432
1.47644
1.52268
1.50089
1.49070
1.49022
1.28710
1.46321
1.37075
1.43284
1.47923
1.40120
1.53313
1.46838
1.47035
1.51761
1.45870
1.30597
1.44595
1.42555
1.30457
1.35241
1.46003
1.42003
1.41359
1.46235
1.38063
1.51610
1.46348
1.49058
1.39140
1.43423
1.45246
1.37994
1.40485
1.47589
1.42473
1.44677
1.39574
1.43702
1.38154
1.44990
1.47734
1.39839
1.46823
1.41679
1.40424
1.44550
1.47941
1.50991
1.41165
1.43302
1.43024
1.42802
1.46346
1.43642
1.44007
1.46885
1.47717
1.51899
1.50071
1.46369
1.50914
1.46163
1.49142
1.48229
1.47481
1.38091
1.46163
1.42669
1.40796
1.42399
1.42162
1.43207
1.41398
1.40560
1.45286
1.47815
1.45509
1.43139
1.43792
1.42139
1.40300
1.38813
1.39184
1.41621
1.44522
1.38746
1.40105
1.41288
1.53917
1.43563
1.49423
1.47077
1.50337
1.45500
1.43091
1.48758
1.44555
1.46917
1.26518
1.46077
1.32280
1.41334
1.48244
1.46426
1.46952
1.47645
1.41656
1.45465
1.42643
1.41098
1.45750
1.35086
1.15777
1.43775
1.22388
1.39812
1.25713
1.25245
