1.66300
1.64652
1.77712
1.62940
1.66911
1.72187
1.59677
1.59229
1.54805
1.19180
1.53412
1.31937
1.66379
1.51593
1.60867
1.57433
1.58947
1.64297
1.56042
1.65831
1.47622
1.53246
1.57736
1.33927
1.57974
1.46770
1.52915
1.51457
1.49840
1.68020
1.73028
1.62706
1.64818
1.56395
1.57432
1.40825
1.58669
1.68958
1.58617
1.61959
1.63094
1.40196
1.61811
1.59846
1.64395
1.44595
1.44272
1.47997
1.48748
1.62150
1.27616
1.61482
1.54909
1.44782
1.48553
1.42056
1.50915
1.52707
1.34601
1.43510
1.65521
1.72847
1.71528
1.57896
1.55411
1.67161
1.48360
1.55252
1.64803
1.51016
1.52583
1.55962
1.57632
1.64426
1.53118
1.64671
1.57555
1.64941
1.61579
1.64439
1.76324
1.67925
1.56837
1.65931
1.61689
1.70585
1.68232
1.68727
1.63595
1.66219
1.65004
1.53701
1.67703
1.59142
1.59339
1.54982
1.66735
1.65989
1.64484
1.47557
1.60430
1.50135
1.57402
1.52275
1.57172
1.57492
1.48681
1.54265
1.56742
1.66377
1.62231
1.64354
1.58513
1.70054
1.65840
1.58174
1.62635
1.67868
1.62704
1.60621
1.66081
1.54605
1.64683
1.58272
1.64971
1.67643
1.60876
1.54608
1.70840
1.63737
1.49174
1.72078
1.39500
1.48085
1.38560
1.57187
1.49332
1.49867
1.58944
1.62854
1.50258
1.53564
1.49012
1.58621
1.68008
1.48455
1.22142
1.58648
1.62562
1.33068
1.38319
1.38303
1.68706
1.63983
1.74245
1.70671
1.64185
1.55751
1.65169
1.65672
1.50605
1.54818
1.22548
1.66400
1.31170
1.60022
1.47914
1.58838
1.61948
1.55907
1.57105
1.56494
1.65400
1.60719
1.58639
1.43505
1.52340
1.50288
1.37394
1.55688
1.43334
1.51307
1.51685
1.67130
1.72684
1.42883
1.63310
1.54650
1.64877
1.55948
1.68995
1.63629
1.59725
1.57021
1.37599
1.63531
1.55018
1.61652
1.46702
1.45475
1.62070
1.51568
1.56139
1.63714
1.59715
1.36883
1.55646
1.55077
1.40672
1.45302
1.51711
1.50323
1.53949
1.43194
1.38242
1.74056
1.66596
1.68862
1.54558
1.55252
1.66720
1.49550
1.49153
1.68750
1.55670
1.51087
1.51424
1.50370
1.54483
1.62014
1.62242
1.51787
1.60930
1.52542
1.64541
1.61752
1.68270
1.70945
1.55540
1.61727
1.62036
1.64727
1.63807
1.63638
1.60688
1.68085
1.71878
1.67574
1.64305
1.57946
1.70846
1.53444
1.59073
1.61002
1.65568
1.44109
1.62587
1.58887
1.48594
1.55613
1.52560
1.56446
1.54327
1.48836
1.60840
1.72863
1.55760
1.61985
1.61762
1.62230
1.57374
1.57381
1.56859
1.61557
1.68240
1.57792
1.60133
1.63424
1.71958
1.53821
1.58437
1.53572
1.69811
1.60150
1.50910
1.65210
1.54174
1.59949
1.36341
1.58134
1.37334
1.49274
1.65273
1.64051
1.65015
1.63638
1.51805
1.56315
1.46663
1.51057
1.61864
1.40852
1.24957
1.59607
1.32742
1.58014
1.33978
1.35211
