-0.02271
-0.02271
-0.05810
-0.02350
-0.01730
-0.01730
-0.02350
0.10499
0.10499
-0.08556
-0.08420
-0.08420
0.03321
-0.06360
0.03321
0.02853
0.02853
-0.02271
0.02853
-0.02271
0.00874
0.00874
-0.00386
-0.05443
-0.03276
-0.06360
0.02013
-0.04291
-0.04291
0.02551
0.02551
0.06395
-0.04701
0.06395
0.05813
0.16610
0.02013
0.07624
-99.00000
0.07567
-0.06477
-0.04729
-0.08073
-0.08073
0.09935
0.09935
0.01054
0.16610
0.01054
0.09935
-0.11574
-0.06715
-0.07446
-0.02271
-0.03276
-0.03276
-0.02271
-0.02271
-0.08556
-0.08556
0.02337
0.01225
0.01225
-0.01730
-0.04895
0.00012
-0.01908
-0.02026
-0.02026
0.16610
0.16610
0.02608
0.02777
0.02608
0.03683
0.02777
0.05897
0.02049
0.09290
0.00266
-0.05810
0.05897
-0.04895
0.05897
0.00012
0.00718
0.05897
0.09290
0.00012
0.01144
0.10499
0.02337
0.03637
0.03637
0.03637
0.02337
-0.00904
-0.06907
-0.01730
-0.01730
-0.02350
-0.02350
-0.01730
-0.02350
-0.02487
-0.02350
-0.01730
-0.02350
-0.03794
0.03508
-0.06907
-0.02487
-0.03794
-0.03794
-0.05810
-0.03794
-0.03794
-0.05810
-0.02350
-0.02487
-0.03794
0.02608
0.06395
0.04362
0.04362
0.02853
0.06395
0.02608
0.04362
0.02853
0.04362
0.02028
-0.01567
0.02028
-0.01567
0.03683
0.04084
-0.05178
0.02853
-0.04949
-0.00386
-0.00127
0.00874
-0.00386
-0.00386
-0.00903
-0.12359
0.04084
-0.04949
-0.11574
-0.08073
-0.08073
-0.01567
-0.00127
-0.05810
-0.01730
-0.02487
-0.02350
-0.02350
0.03637
0.10499
0.10499
-0.08556
-0.02271
-0.07713
0.02013
-0.06360
-0.06360
-0.04949
0.00874
-0.00127
0.02853
-0.04949
-0.00386
0.00874
0.02853
0.02853
0.00874
-0.08849
-0.01567
-0.04291
-0.05443
-0.04291
-0.00401
-0.00401
0.07624
-0.04291
0.16189
0.06395
0.03321
0.06395
0.03321
0.07624
-0.02271
-0.04729
-0.05511
-0.02526
-0.06477
-0.07428
0.16610
0.03321
0.09935
0.09935
0.02013
-0.06715
-0.07446
-0.07446
-0.01567
-0.08849
-0.03276
-0.02271
-0.02271
-0.05443
-99.00000
-0.08556
0.01225
0.03508
0.01225
-0.04895
-0.01730
-0.01730
-0.01908
-0.02026
-0.04895
-0.01730
0.16610
0.16610
0.16610
0.05897
-0.08073
0.05568
0.05568
0.09290
0.09290
0.05568
0.09290
-0.05810
-0.00904
0.04084
0.09290
0.00012
0.00718
0.00012
0.05897
0.00718
0.05897
0.00012
0.16610
0.03637
0.02337
0.04362
0.02337
0.03637
-0.00904
-0.06907
-0.01473
-0.01473
-0.02350
-0.02350
-0.01730
-0.02487
-0.01730
-0.02350
-0.01730
-0.02350
-0.03794
-0.03794
0.00718
-0.06306
-0.02487
-0.03794
-0.03794
-0.02350
-0.02487
-0.03794
-0.03794
-0.02487
-0.02487
0.04362
0.03222
0.06395
0.02608
0.02608
0.02777
0.02608
0.02049
0.02608
0.02853
-0.12359
0.02028
-0.12359
-0.01567
0.03683
-0.01567
0.02049
0.04084
-0.00127
0.02777
-0.02271
-0.02849
-0.02849
-0.06476
-0.13015
0.04084
-0.04729
-0.04949
-0.08073
-0.08073
