-0.00982
-0.00982
-0.02452
0.07909
0.09451
0.09451
0.07909
-0.02362
-0.02362
-0.16458
-0.08543
-0.08543
-0.03056
-0.05410
-0.03056
0.03253
0.03253
-0.00982
0.03253
-0.00982
0.01039
0.01039
0.03381
-0.01012
-0.01568
-0.05410
-0.00177
-0.03068
-0.03068
-0.04263
-0.04263
0.00542
-0.02698
0.00542
0.01705
-0.09763
-0.00177
-0.03152
-99.00000
0.00675
0.03856
-0.01773
-0.01564
-0.01564
-0.06063
-0.06063
-0.14985
-0.09763
-0.14985
-0.06063
-0.15160
0.02127
0.01808
-0.00982
-0.01568
-0.01568
-0.00982
-0.00982
-0.16458
-0.16458
0.00543
-0.00029
-0.00029
0.09451
0.02062
0.06104
0.03656
0.08897
0.08897
-0.09763
-0.09763
0.01923
0.01018
0.01923
-0.03599
0.01018
0.01818
0.01079
-0.01313
0.07229
-0.02452
0.01818
0.02062
0.01818
0.06104
0.06133
0.01818
-0.01313
0.06104
0.08397
-0.02362
0.00543
0.01198
0.01198
0.01198
0.00543
-0.01453
-0.12599
0.09451
0.09451
0.07909
0.07909
0.09451
0.07909
0.05185
0.07909
0.09451
0.07909
0.03403
0.01608
-0.12599
0.05185
0.03403
0.03403
-0.02452
0.03403
0.03403
-0.02452
0.07909
0.05185
0.03403
0.01923
0.00542
0.01240
0.01240
0.03253
0.00542
0.01923
0.01240
0.03253
0.01240
-0.01421
0.01283
-0.01421
0.01283
-0.03599
-0.02683
-0.05429
0.03253
-0.07201
0.03381
0.01541
0.01039
0.03381
0.03381
-0.05127
-0.10441
-0.02683
-0.07201
-0.15160
-0.01564
-0.01564
0.01283
0.01541
-0.02452
0.09451
0.05185
0.07909
0.07909
0.01198
-0.02362
-0.02362
-0.16458
-0.00982
-0.07887
-0.00177
-0.05410
-0.05410
-0.07201
0.01039
0.01541
0.03253
-0.07201
0.03381
0.01039
0.03253
0.03253
0.01039
-0.05198
0.01283
-0.03068
-0.01012
-0.03068
-0.08830
-0.08830
-0.03152
-0.03068
-0.05356
0.00542
-0.03056
0.00542
-0.03056
-0.03152
-0.00982
-0.01773
0.06355
0.06783
0.03856
-0.24339
-0.09763
-0.03056
-0.06063
-0.06063
-0.00177
0.02127
0.01808
0.01808
0.01283
-0.05198
-0.01568
-0.00982
-0.00982
-0.01012
-99.00000
-0.16458
-0.00029
0.01608
-0.00029
0.02062
0.09451
0.09451
0.03656
0.08897
0.02062
0.09451
-0.09763
-0.09763
-0.09763
0.01818
-0.01564
0.03624
0.03624
-0.01313
-0.01313
0.03624
-0.01313
-0.02452
-0.01453
-0.02683
-0.01313
0.06104
0.06133
0.06104
0.01818
0.06133
0.01818
0.06104
-0.09763
0.01198
0.00543
0.01240
0.00543
0.01198
-0.01453
-0.12599
0.03023
0.03023
0.07909
0.07909
0.09451
0.05185
0.09451
0.07909
0.09451
0.07909
0.03403
0.03403
0.06133
-0.00415
0.05185
0.03403
0.03403
0.07909
0.05185
0.03403
0.03403
0.05185
0.05185
0.01240
0.01198
0.00542
0.01923
0.01923
0.01018
0.01923
0.01079
0.01923
0.03253
-0.10441
-0.01421
-0.10441
0.01283
-0.03599
0.01283
0.01079
-0.02683
0.01541
0.01018
-0.00982
0.00732
0.00732
0.09042
-0.11638
-0.02683
-0.01773
-0.07201
-0.01564
-0.01564
